
8692199
8692200
8692201
8692202
8692203
8692204
8692205
8692207
8692206
8692208
8692209
8692210
8692211
8692212
8692213
8692214
8692215
8692216
8692217
8692218
8692219
8692220
8692221
8692222
8692223
8692224
8692225
8692226
8692227
8692228
8692229
8692230
8692231
8692232
8692233
8692234
8692235
8692236
8692237
8692239
8692238
8692240
8692241
8692242
8692243
8692244
8692245
8692246
8692247
8692248
8692249
8692250
8692251
8692252
8692253
8692254
8692255
8692256
8692257
8692258
8692259
8692260
8692261
8692262
8692263
8692264
8692265
8692266
8692268
8692267
8692269
8692270
8692271
8692272
8692273
8692274
8692275
8692276
8692277
8692278
8692279
8692280
8692281
8692282
8692283
8692284
8692285
8692286
8692287
8692288
8692289
8692290
8692291
8692292
8692293
8692294
8692295
8692296
8692297
8692298
8692299
8692300
8692301
8692302
8692303
8692304
8692305
8692306
8692307
8692308
8692309
8692310
8692311
8692312
8692313
