Name,ID,0,1,2,3,4,5,6,7,8,9,10,11,12,13,14,15,16,17
xTi,0,,[1.0962872886901285],[1.7986397729045454],"[0.46217282019508266, 0.18088939587344088]",,[8.748666138801577],,,[2.23203690669421],,[0.7546508504982711],[1.3857986634700987],[0.514431099525993],,,[1.3637229304861231],,[0.004980536746393269]
yTi,1,[0.9121696569106671],,[0.08771983238518716],,,,,,,,,,,,,,,
zTi,2,[0.5559756962257892],[11.399930583643766],,,,,,,,,,,,,,,,
xTiPPyTi,3,"[2.163692792617924, 5.528240034035213]",,,,[2.1697396500032347],"[3.6828721226467316, 4.28007910191848]",,,[0.11971499148316159],,[0.05934111182049022],[0.03028200109976282],[0.16450800106065658],,,[4.010158542937429],,[15.124381341912967]
xTiPPzTi,4,,,,[0.46088478864204246],,,,,,,,,,,,,,
xTiPPyTiPPzTi,5,[0.11430313880248076],,,"[0.27152721210459524, 0.2336405417254474]",,,,,"[1.7267247896366942, 2.4923870711454423]",,[3.8908164591122736],[0.5620983897113541],[0.021702845191679643],,,[1.4142250597023922],,[46.59828072125674]
xTiPPyTiPPzTiPPxTx,6,,,,,,,,[0.41165675906446825],[0.8966743831158975],,,,,,,,,
xTiPPyTiPPzTiPPyTy,7,,,,,,,[2.4292082614472346],,[0.014500811494128029],,,,,,,,,
xTiPPyTiPPzTiPPzTz,8,[0.44802126568823825],,,[8.353172711378042],,"[0.5791310844679549, 0.4012217891743531]",[1.1152320383292889],[68.96165779445798],,,"[0.05358709930729896, 0.39825864476263695]",[0.407740765102551],[0.09571411100475485],,,[1.1080910306620415],,[1.011577435982997]
xTiPPyTiPPzTiPPzTzPPxTx,9,,,,,,,,,,,[0.481085445903577],,,,,,,
xTiPPyTiPPzTiPPzTzPPyTy,10,[1.325116110767957],,,[16.851723355387225],,[0.2570154646225999],,,"[18.661207882617983, 2.5109310573685155]",[2.078632826070627],,"[2.1000900992376064, 0.6517060133950151]",[15.770428421241613],,,[0.8699108972372587],,[62.031346138962164]
xTiPPyTiPPzTiPPzTzPPyTyPPxTx,11,[0.7216055451344985],,,[33.02291670572036],,[1.7790479715010659],,,[2.452538685329856],,"[0.4761700464008801, 1.5344342072134223]",,"[1.219390784909515, 2.4295729279193345]",,,[1.3528191050203267],,[6.373418095784936]
xTiPPyTiPPzTiPPzTzPPyTyPPxTxPPxTy,12,[1.943894917942208],,,[6.078731694218842],,[46.076907943082794],,,[10.44778026460824],,[0.063409818255354],"[0.8200816443550581, 0.4115949714900682]",,"[0.1998278462465826, 6.630895791706079, 2.9434380776473814]","[11.079424941010505, 0.3829449542357384, 4.063421101556075]","[0.7100434640966067, 0.6740883416995317]",,[1.4569067965303617]
xTiPPyTiPPzTiPPzTzPPyTyPPxTxPPyTz,13,,,,,,,,,,,,,"[5.004307551641351, 0.1508091864828881, 0.3397387591042091]",,"[0.45973414438273646, 7.839273202876978, 0.47751293341250384]",,,
xTiPPyTiPPzTiPPzTzPPyTyPPxTxPPxTz,14,,,,,,,,,,,,,"[0.09025739199680832, 2.6113413662695937, 0.24609804768131294]","[2.175170176543344, 0.1275628459578376, 2.0941841152941945]",,,,
xTiPPyTiPPzTiPPzTzPPyTyPPxTxPPxTyPPxTz,15,[0.7332867825603933],,,[0.24936669941919629],,[0.7071010325686343],,,[0.9024529324116437],,[1.149543020067791],[0.739197130118128],"[1.408364488323693, 1.483485083689135]",,,,[1.9813331173922388],"[0.6637568870183355, 1.6677180132477667]"
xTiPPyTiPPzTiPPzTzPPyTyPPxTxPPxTyPPyTz,16,,,,,,,,,,,,,,,,[0.50471068757795],,
xTiPPyTiPPzTiPPzTzPPyTyPPxTxPPxTyPPxTzPPyTz,17,[200.78157253315422],,,[0.06611840692146405],,[0.021460019222207697],,,[0.9885550669961843],,[0.016120881816103223],[0.15690167896899007],[0.6863857059226507],,,"[1.5065757049875645, 0.5996217538314936]",,
