
8661847
8661853
8661861
8661848
8661851
8661838
8661860
8661836
8661859
8661870
8661865
8661867
8661871
8661869
8661839
8661840
8661845
8661849
8661850
8661858
8661862
8661855
8661866
8661863
8661864
8661868
8661873
8661846
8661875
8661852
8661856
8661854
8661872
8661874
8661876
8661857
8661837
8661877
8661879
8661880
8661878
8661881
8661883
8661884
8661889
8661887
8661904
8661882
8661886
8661885
8661893
8661894
8661890
8661895
8661896
8661907
8661891
8661900
8661888
8661899
8661908
8661903
8661910
8661906
8661898
8661901
8661892
8661909
8661897
8661905
8661911
8661902
8661912
8661913
8661915
8661914
8661844
8661916
8661917
8661918
8661919
8661933
8661939
8661926
8661920
8661927
8661925
8661923
8661928
8661921
8661922
8661924
8661940
8661947
8661931
8661934
8661938
8661936
8661943
8661930
8661929
8661942
8661941
8661944
8661935
8661949
8661948
8661950
8661945
8661946
8661937
