True params: [[ 0.65]]
[ 0.65000202]
[ 0.64999988]
[ 0.65000006]
[ 0.64997967]
[ 0.65000235]
[ 0.65001537]
[ 0.65000006]
[ 0.65001309]
[ 0.65000011]
[ 0.64999992]
[ 0.64999934]
[ 0.65000008]
[ 0.65000039]
[ 0.64999971]
[ 0.65]
[ 0.6500017]
[ 0.6500001]
[ 0.64999996]
[ 0.65000172]
[ 0.64999987]
[ 0.65000094]
[ 0.64999996]
[ 0.649979]
[ 0.64998399]
[ 0.64999996]
[ 0.64999685]
[ 0.64999997]
[ 0.65000061]
[ 0.65000061]
[ 0.65]
[ 0.65000764]
[ 0.65]
[ 0.64999706]
[ 0.65000696]
[ 0.65]
[ 0.65000036]
[ 0.64999837]
[ 0.65000035]
[ 0.64999997]
[ 0.63601647]
[ 0.65000085]
[ 0.64999957]
[ 0.65]
[ 0.64999999]
[ 0.64999315]
[ 0.64999971]
[ 0.65000002]
[ 0.65000358]
[ 0.65000033]
[ 0.64999998]
[ 0.65]
[ 0.64999936]
[ 0.64994837]
[ 0.65]
[ 0.65000064]
[ 0.65000025]
[ 0.6500047]
[ 0.65000277]
[ 0.65000134]
[ 0.64999987]
[ 0.64999999]
[ 0.64999997]
[ 0.65000027]
[ 0.65000033]
[ 0.64997399]
[ 0.65000005]
[ 0.65000008]
[ 0.64999997]
[ 0.64999989]
[ 0.64982644]
[ 0.65000007]
[ 0.65]
[ 0.65000013]
[ 0.64999976]
[ 0.65000003]
[ 0.64995063]
[ 0.65000005]
[ 0.6500001]
[ 0.64999909]
[ 0.64999898]
[ 0.65]
[ 0.65000001]
[ 0.65003582]
[ 0.65000001]
[ 0.64999883]
[ 0.64999998]
[ 0.65000008]
[ 0.65000007]
[ 0.64999551]
[ 0.64999869]
[ 0.64999993]
[ 0.65001242]
[ 0.64999999]
[ 0.64999835]
[ 0.65]
[ 0.64999944]
[ 0.6500008]
[ 0.64999812]
[ 0.65000103]
[ 0.65000002]
Time: 28650.433437
