True params: [[ 0.65]]
[ 0.65000021]
[ 0.64999999]
[ 0.65000014]
[ 0.64999999]
[ 0.65000001]
[ 0.56764814]
[ 0.64999071]
[ 0.65000001]
[ 0.65000057]
[ 0.65000007]
[ 0.65]
[ 0.65000019]
[ 0.65000007]
[ 0.65000001]
[ 0.65000761]
[ 0.65000002]
[ 0.64999996]
[ 0.64999954]
[ 0.65]
[ 0.65]
[ 0.65000002]
[ 0.65000044]
[ 0.64700284]
[ 0.65000051]
[ 0.65000001]
[ 0.65]
[ 0.65000008]
[ 0.64999993]
[ 0.65000003]
[ 0.65000011]
[ 0.64999992]
[ 0.64999993]
[ 0.64999992]
[ 0.64998066]
[ 0.64999991]
[ 0.65]
[ 0.64999998]
[ 0.6499995]
[ 0.64999901]
[ 0.65000473]
[ 0.6500001]
[ 0.65000177]
[ 0.65001174]
[ 0.65000002]
[ 0.64999757]
[ 0.65000004]
[ 0.64999407]
[ 0.64999583]
[ 0.65]
[ 0.65000032]
[ 0.65000007]
[ 0.61717312]
[ 0.65003845]
[ 0.65000772]
[ 0.65000888]
[ 0.64999998]
[ 0.65000599]
[ 0.65000264]
[ 0.65000012]
[ 0.6499998]
[ 0.64999997]
[ 0.62791704]
[ 0.65]
[ 0.64997772]
[ 0.65001281]
[ 0.65000006]
[ 0.64999934]
[ 0.65000002]
[ 0.65]
[ 0.65000094]
[ 0.6499999]
[ 0.64999996]
[ 0.64999931]
[ 0.64999998]
[ 0.65]
[ 0.64999974]
[ 0.650001]
[ 0.64999654]
[ 0.64999989]
[ 0.65]
[ 0.65]
[ 0.64999979]
[ 0.65000426]
[ 0.65000008]
[ 0.64999861]
[ 0.65]
[ 0.65000003]
[ 0.65000003]
[ 0.64999994]
[ 0.6500034]
[ 0.650001]
[ 0.649992]
[ 0.65]
[ 0.64999889]
[ 0.65000174]
[ 0.64999975]
[ 0.64999971]
[ 0.64999852]
[ 0.65000016]
[ 0.64999991]
Time: 53084.106513
