
7532519
7532520
7532521
7532522
7532523
7532524
7532525
7532526
7532527
7532528
7532529
7532530
7532531
7532532
7532533
7532534
7532535
7532536
7532537
7532538
7532539
7532541
7532540
7532542
7532543
7532544
7532545
7532547
7532546
7532548
7532549
7532550
7532551
7532552
7532553
7532554
7532555
7532556
7532557
7532559
7532558
7532560
7532561
7532562
7532563
7532564
7532565
7532566
7532567
7532568
7532569
7532570
7532571
7532572
7532573
7532574
7532575
7532576
7532578
7532577
7532579
7532580
7532581
7532583
7532582
7532584
7532585
7532586
7532587
7532588
7532589
7532590
7532591
7532592
7532593
7532594
7532595
7532596
7532597
7532598
7532599
7532600
7532601
7532602
7532603
7532604
7532605
7532606
7532607
7532608
7532609
7532610
7532611
7532612
7532613
7532614
7532615
7532617
7532616
7532618
7551369
7551371
7551370
7551373
7551372
7551374
7551375
7551377
7551376
7551379
7551378
7551380
7551383
7551381
7551382
7551384
7551385
7551386
7551387
7551388
7551389
7551390
7551391
7551392
7551393
7551394
7551395
7551396
7551397
7551398
7551399
7551400
7551401
7551403
7551402
7551404
7551405
7551406
7551407
7551408
7551409
7551410
7551411
7551413
7551412
7551414
7551415
7551416
7551417
7551419
7551418
7551420
7551422
7551421
7551423
7551425
7551424
7551426
7551427
7551428
7551429
7551431
7551430
7551433
7551432
7551434
7551435
7551436
7551437
7551440
7551438
7551439
7551441
7551442
7551443
7551445
7551444
7551446
7551447
7551449
7551448
7551451
7551450
7551452
7551453
7551454
7551455
7551458
7551457
7551456
7551461
7551460
7551459
7551462
7551463
7551464
7551467
7551465
7551466
7551468
7553845
7553844
7553846
7553847
7553848
7553850
7553849
7553851
7553852
7553853
7553854
7553855
7553856
7553857
7553858
7553859
7553860
7553861
7553862
7553863
7553864
7553865
7553866
7553867
7553869
7553870
7553871
7553872
7553873
7553874
7553875
7553876
7553877
7553878
7553879
7553880
7553881
7553882
7553883
7553884
7553885
7553886
7553887
7553888
7553889
7553890
7553891
7553892
7553893
7553894
7553895
7553896
7553897
7553898
7553899
7553900
7553901
7553902
7553904
7553903
7553906
7553905
7553908
7553907
7553909
7553910
7553911
7553913
7553912
7553916
7553914
7553915
7553918
7553917
7553919
7553921
7553920
7553922
7553923
7553924
7553925
7553926
7553927
7553929
7553928
7553931
7553930
7553932
7553933
7553934
7553936
7553935
7553937
7553938
7553939
7553941
7553940
7553942
7553943
7553944
