
8553910
8553911
8553909
8553913
8553912
8553914
8553917
8553919
8553918
8553920
8553915
8553916
8553921
8553922
8553923
8553924
8553925
8553926
8553929
8553928
8553927
8553930
8553931
8553932
8553933
8553935
8553934
8553936
8553937
8553938
8553939
8553940
8553941
8553942
8553943
8553944
8553947
8553946
8553945
8553950
8553948
8553949
8553951
8553952
8553953
8553954
8553955
8553956
8553958
8553959
8553957
8553961
8553962
8553960
8553964
8553963
8553965
8553967
8553968
8553966
8553969
8553970
8553971
8553972
8553973
8553974
8553975
8553976
8553977
8553978
8553979
8553980
8553982
8553983
8553981
8553985
8553986
8553984
8553987
8553988
8553990
8553991
8553989
8553992
8553993
8553994
8553995
8553996
8553997
8553998
8553999
8554000
8554003
8554001
8554002
8554004
8554005
8554007
8554006
8554008
8554010
8554009
8554011
8554012
8554013
8554014
8554016
8554015
8554017
8554018
8554019
8554020
8554021
8554022
8554023
8554024
8554025
8554026
8554027
8554028
8554029
8554030
8554031
8554032
8554033
8554034
8554035
8554036
8554037
8554038
8554039
8554040
8554041
8554042
8554044
8554045
8554046
8554047
8554049
8554048
8554050
8554051
8554052
8554053
8554055
8554054
8554056
8554057
8554058
8554059
8554061
8554060
8554062
8554063
8554064
8554065
8554066
8554067
8554068
8554069
8554070
8554072
8554073
8554071
8554074
8554075
8554076
8554077
8554078
8554079
8554080
8554081
8554083
8554082
8554084
8554085
8554086
8554087
8554088
8554090
8554089
8554091
8554092
8554093
8554094
8554095
8554096
8554097
8554098
8554099
8554100
8554102
8554101
8554103
8554104
8554105
8554106
8554107
8554108
8554109
8554110
8554111
8554112
8554115
8554114
8554113
8554116
8554117
8554118
8554119
8554120
8554121
8554122
8554123
