
8553973
8553938
8553946
8553950
8553913
8553947
8553951
8553983
8553914
8553965
8553980
8553974
8553975
8553987
8553979
8553921
8553966
8553912
8553917
8553911
8553970
8553989
8553945
8553982
8553944
8553955
8554039
8554018
8553976
8553978
8553915
8553956
8554085
8553952
8554079
8554081
8553939
8553927
8553940
8553977
8554078
8553967
8553991
8553932
8554013
8553928
8554020
8553929
8553954
8554031
8553960
8554051
8554023
8553937
8554037
8553968
8554049
8554012
8553992
8554040
8554052
8554011
8553931
8554001
8553919
8554045
8553957
8553924
8554044
8554029
8553930
8554054
8553923
8553958
8554042
8554064
8554069
8554025
8553953
8554004
8553984
8554041
8554082
8554032
8554083
8554068
8554066
8553995
8554008
8554006
8553961
8554067
8554034
8553999
8554014
8554015
8554086
8553964
8554003
8554058
8554057
8554009
8554046
8554000
8554007
8553997
8553910
8554028
8554055
8554022
8554073
8554030
8553993
8554027
8554038
8553922
8553990
8553920
8554002
8553941
8554056
8553959
8554048
8554016
8553934
8553943
8553996
8554080
8554050
8553935
8554047
8554005
8554035
8554065
8554061
8554017
8554059
8554024
8554063
8553986
8554060
8553985
8553994
8553936
8553942
8554026
8554087
8553969
8554074
8554075
8554021
8554076
8554091
8553933
8554084
8554077
8554036
8553998
8553988
8554093
8554010
8553963
8554100
8554098
8554043
8554097
8554062
8554053
8554099
8554072
8553962
8554102
8554033
8553971
8553926
8554070
8553916
8553972
8554101
8554088
8554089
8554092
8553909
8553925
8554071
8554094
8554104
8554106
8554107
8554108
8554105
8554103
8554111
8554109
8554123
8554115
8554113
8554116
8554121
8554112
8554122
8554118
8554110
8554117
8554120
