
8562659
8562658
8562657
8562679
8562660
8562661
8562662
8562663
8562668
8562670
8562664
8562667
8562669
8562671
8562666
8562674
8562673
8562665
8562677
8562678
8562681
8562684
8562680
8562672
8562683
8562682
8562676
8562693
8562690
8562694
8562688
8562675
8562691
8562692
8562686
8562699
8562687
8562685
8562700
8562695
8562696
8562698
8562689
8562701
8562702
8562703
8562704
8562706
8562697
8562712
8562711
8562708
8562705
8562710
8562707
8562709
8562717
8562721
8562716
8562714
8562723
8562719
8562724
8562715
8562725
8562734
8562730
8562726
8562743
8562733
8562731
8562737
8562736
8562732
8562738
8562728
8562735
8562746
8562748
8562744
8562745
8562749
8562759
8562753
8562751
8562747
8562739
8562750
8562722
8562760
8562761
8562757
8562771
8562756
8562762
8562769
8562754
8562770
8562763
8562755
8562768
8562766
8562767
8562764
8562742
8562765
8562752
8562740
8562741
