
8562659
8562658
8562657
8562660
8562661
8562662
8562663
8562664
8562665
8562666
8562667
8562668
8562669
8562670
8562671
8562672
8562673
8562674
8562675
8562676
8562677
8562678
8562679
8562680
8562681
8562682
8562683
8562684
8562685
8562686
8562687
8562689
8562688
8562690
8562691
8562692
8562693
8562694
8562695
8562696
8562697
8562698
8562699
8562700
8562701
8562702
8562703
8562704
8562705
8562706
8562707
8562708
8562709
8562710
8562711
8562712
8562713
8562714
8562715
8562716
8562717
8562718
8562719
8562720
8562721
8562722
8562723
8562724
8562725
8562726
8562727
8562728
8562729
8562730
8562731
8562732
8562733
8562734
8562735
8562736
8562737
8562738
8562739
8562740
8562741
8562742
8562743
8562744
8562745
8562746
8562747
8562748
8562749
8562750
8562751
8562754
8562752
8562753
8562755
8562756
8562757
8562758
8562759
8562760
8562761
8562762
8562763
8562764
8562766
8562765
8562767
8562768
8562770
8562769
8562771
