
8630304
8630279
8630287
8630293
8630286
8630294
8630292
8630283
8630296
8630284
8630295
8630285
8630288
8630305
8630280
8630310
8630308
8630300
8630299
8630313
8630302
8630314
8630290
8630281
8630289
8630317
8630318
8630316
8630309
8630297
8630315
8630312
8630319
8630322
8630321
8630324
8630323
8630311
8630326
8630325
8630328
8630332
8630291
8630333
8630330
8630335
8630336
8630345
8630349
8630342
8630298
8630348
8630347
8630341
8630334
8630338
8630329
8630350
8630346
8630327
8630344
8630353
8630358
8630282
8630360
8630356
8630355
8630362
8630354
8630365
8630361
8630369
8630377
8630331
8630373
8630339
8630372
8630359
8630367
8630363
8630352
8630371
8630376
8630386
8630378
8630364
8630351
8630370
8630379
8630392
8630385
8630366
8630393
8630357
8630380
8630383
8630368
8630374
8630384
8630375
8630381
8630389
8630337
8630391
8630388
8630382
8630387
8630390
8630343
8630303
8630320
8630301
8630306
8630307
8630340
