
7845790
7845739
7845774
7845796
7845754
7845745
7845762
7845775
7845740
7845744
7845743
7845772
7845781
7845786
7845822
7845779
7845793
7845760
7845824
7845755
7845787
7845778
7845788
7845752
7845821
7845749
7845833
7845827
7845780
7845769
7845758
7845765
7845814
7845741
7845783
7845757
7845826
7845817
7845800
7845825
7845805
7845770
7845832
7845795
7845776
7845802
7845748
7845794
7845810
7845808
7845785
7845753
7845818
7845816
7845777
7845823


7845830
7845801


7845835
7845815
7845828
7845782
7845784
7845792
7845798

7845837
7845836
7845751
7845829
7845766
7845806
7845839
7845838
