
7845739
7845740
7845741
7845743
7845742
7845744
7845745
7845746
7845747
7845748
7845749
7845750
7845751
7845753
7845752
7845754
7845756
7845755
7845757
7845758
7845759
7845760
7845762
7845761
7845763
7845764
7845765
7845766

7845768
7845770
7845769
7845771
7845772
7845774
7845773
7845777
7845775
7845776
7845778
7845780
7845779
7845782
7845783
7845781
7845784
7845785
7845786
7845788
7845787
7845789
7845791
7845790
7845792
7845794
7845795
7845793
7845796

7845798

7845801
7845800
7845802
7845803
7845804
7845805
7845806

7845808

7845810
7845811

7845813
7845814
7845815
7845816
7845817
7845818

7845821
7845822
7845823
7845824
7845825
7845827
7845826
7845828
7845829
7845830

7845832
7845833
7845835
7845834
7845836
7845837
7845838
7845839
