
8716900
8716899
8716901
8716903
8716904
8716902
8716905
8716906
8716907
8716908
8716909
8716910
8716911
8716913
8716912
8716915
8716914
8716916
8716917
8716918
8716919
8716920
8716921
8716922
8716923
8716924
8716925
8716926
8716927
8716928
8716930
8716929
8716931
8716932
8716934
8716933
8716935
8716936
8716937
8716938
8716940
8716939
8716941
8716943
8716942
8716945
8716944
8716946
8716947
8716949
8716948
8716951
8716950
8716952
8716953
8716955
8716954
8716957
8716956
8716958
8716959
8716961
8716960
8716964
8716962
8716963
8716965
8716967
8716966
8716969
8716968
8716970
8716972
8716973
8716971
8716975
8716974
8716976
8716977
8716979
8716978
8716980
8716981
8716982
8716984
8716983
8716985
8716987
8716988
8716986
8716991
8716989
8716990
8716992
8716994
8716993
8716997
8716996
8716995
8716998
8717000
8716999
8717001
8717003
8717002
8717004
8717005
8717006
8717007
8717008
8717009
8717010
8717013
8717012
8717011
