
8716908
8716926
8716904
8716921
8716902
8716987
8716929
8716997
8716998
8716989
8716988
8716994
8716990
8716916
8716958
8716943
8716942
8716960
8716961
8716993
8716946
8716947
8716980
8716941
8716979
8716953
8716952
8716939
8716977
8716965
8716964
8716949
8716959
8716974
8716976
8716951
8716920
8716950
8716981
8716978
8716911
8716975
8716948
8716913
8716906
8716924
8717001
8716923
8716956
8716917
8716930
8716955
8716932
8717000
8716985
8716945
8716999
8716944
8716936
8716938
8716910
8716940
8716966
8716983
8716918
8716914
8716900
8716957
8716954
8716922
8717006
8717005
8716903
8716986
8717003
8717002
8716915
8716934
8716967
8716937
8716984
8717004
8716982
8716907
8716935
8716968
8716919
8716969
8716991
8717008
8717009
8716992
8717012
8717013
8716905
8716973
8716972
8716899
8717007
8717010
8716927
8717011
8716901
8716971
