

Models 0/2 
	ID_A 0 [len 10]: [0.20999999999999999, 0.22, 0.16, 0.17000000000000001, 0.83999999999999997, 0.080000000000000002, 0.10000000000000001, 0.12, 0.13, 0.14999999999999999] 
	ID_B 2 [len 10]: [0.28999999999999998, 0.19, 1.05, 0.62, 1.1599999999999999, 0.080000000000000002, 0.10000000000000001, 0.12, 0.13, 0.14999999999999999]


Models 0/1 
	ID_A 0 [len 10]: [0.16, 4.25, 1.0900000000000001, 0.65000000000000002, 0.66000000000000003, 0.080000000000000002, 0.10000000000000001, 0.12, 0.13, 0.14999999999999999] 
	ID_B 1 [len 10]: [0.28999999999999998, 0.19, 1.05, 0.62, 1.1599999999999999, 0.080000000000000002, 0.10000000000000001, 0.12, 0.13, 0.14999999999999999]


Models 1/2 
	ID_A 1 [len 10]: [0.20999999999999999, 0.22, 0.16, 0.17000000000000001, 0.83999999999999997, 0.080000000000000002, 0.10000000000000001, 0.12, 0.13, 0.14999999999999999] 
	ID_B 2 [len 10]: [0.16, 4.25, 1.0900000000000001, 0.65000000000000002, 0.66000000000000003, 0.080000000000000002, 0.10000000000000001, 0.12, 0.13, 0.14999999999999999]


Models 3.0/4.0 
	ID_A 3.0 [len 10]: [0.070000000000000007, 0.39000000000000001, 0.089999999999999997, 0.58999999999999997, 0.19, 0.080000000000000002, 0.10000000000000001, 0.12, 0.13, 0.14999999999999999] 
	ID_B 4.0 [len 10]: [0.089999999999999997, 0.32000000000000001, 0.17999999999999999, 0.19, 0.16, 0.080000000000000002, 0.10000000000000001, 0.12, 0.13, 0.14999999999999999]


Models 6.0/8.0 
	ID_A 6.0 [len 10]: [0.16, 0.14999999999999999, 0.11, 0.19, 0.13, 0.080000000000000002, 0.10000000000000001, 0.12, 0.13, 0.14999999999999999] 
	ID_B 8.0 [len 10]: [0.070000000000000007, 0.17000000000000001, 0.28000000000000003, 0.17999999999999999, 0.13, 0.080000000000000002, 0.10000000000000001, 0.12, 0.13, 0.14999999999999999]


Models 6.0/7.0 
	ID_A 6.0 [len 10]: [0.089999999999999997, 0.11, 0.19, 0.11, 0.089999999999999997, 0.080000000000000002, 0.10000000000000001, 0.12, 0.13, 0.14999999999999999] 
	ID_B 7.0 [len 10]: [0.070000000000000007, 0.17000000000000001, 0.28000000000000003, 0.17999999999999999, 0.13, 0.080000000000000002, 0.10000000000000001, 0.12, 0.13, 0.14999999999999999]


Models 7.0/8.0 
	ID_A 7.0 [len 10]: [0.16, 0.14999999999999999, 0.11, 0.19, 0.13, 0.080000000000000002, 0.10000000000000001, 0.12, 0.13, 0.14999999999999999] 
	ID_B 8.0 [len 10]: [0.089999999999999997, 0.11, 0.19, 0.11, 0.089999999999999997, 0.080000000000000002, 0.10000000000000001, 0.12, 0.13, 0.14999999999999999]


Models 9.0/10.0 
	ID_A 9.0 [len 10]: [0.059999999999999998, 0.070000000000000007, 0.059999999999999998, 0.080000000000000002, 0.059999999999999998, 0.080000000000000002, 0.10000000000000001, 0.12, 0.13, 0.14999999999999999] 
	ID_B 10.0 [len 10]: [0.14999999999999999, 0.12, 0.16, 0.059999999999999998, 0.089999999999999997, 0.080000000000000002, 0.10000000000000001, 0.12, 0.13, 0.14999999999999999]


Models 12.0/13.0 
	ID_A 12.0 [len 10]: [0.040000000000000001, 0.059999999999999998, 0.059999999999999998, 0.070000000000000007, 0.059999999999999998, 0.080000000000000002, 0.10000000000000001, 0.12, 0.13, 0.14999999999999999] 
	ID_B 13.0 [len 10]: [0.040000000000000001, 0.040000000000000001, 0.029999999999999999, 0.050000000000000003, 0.059999999999999998, 0.080000000000000002, 0.10000000000000001, 0.12, 0.13, 0.14999999999999999]


Models 13.0/14.0 
	ID_A 13.0 [len 10]: [0.070000000000000007, 0.040000000000000001, 0.080000000000000002, 0.059999999999999998, 0.070000000000000007, 0.080000000000000002, 0.10000000000000001, 0.12, 0.13, 0.14999999999999999] 
	ID_B 14.0 [len 10]: [0.040000000000000001, 0.059999999999999998, 0.059999999999999998, 0.070000000000000007, 0.059999999999999998, 0.080000000000000002, 0.10000000000000001, 0.12, 0.13, 0.14999999999999999]


Models 12.0/14.0 
	ID_A 12.0 [len 10]: [0.070000000000000007, 0.040000000000000001, 0.080000000000000002, 0.059999999999999998, 0.070000000000000007, 0.080000000000000002, 0.10000000000000001, 0.12, 0.13, 0.14999999999999999] 
	ID_B 14.0 [len 10]: [0.040000000000000001, 0.040000000000000001, 0.029999999999999999, 0.050000000000000003, 0.059999999999999998, 0.080000000000000002, 0.10000000000000001, 0.12, 0.13, 0.14999999999999999]


Models 15.0/16.0 
	ID_A 15.0 [len 10]: [0.029999999999999999, 0.040000000000000001, 0.050000000000000003, 0.050000000000000003, 0.080000000000000002, 0.080000000000000002, 0.10000000000000001, 0.12, 0.13, 0.14999999999999999] 
	ID_B 16.0 [len 10]: [0.059999999999999998, 0.040000000000000001, 0.080000000000000002, 0.040000000000000001, 0.070000000000000007, 0.080000000000000002, 0.10000000000000001, 0.12, 0.13, 0.14999999999999999]


Models 5/8 
	ID_A 5 [len 10]: [0.16, 0.14999999999999999, 0.11, 0.19, 0.13, 0.080000000000000002, 0.10000000000000001, 0.12, 0.13, 0.14999999999999999] 
	ID_B 8 [len 10]: [0.19, 0.22, 0.17999999999999999, 0.22, 0.13, 0.080000000000000002, 0.10000000000000001, 0.12, 0.13, 0.14999999999999999]


Models 10/11 
	ID_A 10 [len 10]: [0.059999999999999998, 0.070000000000000007, 0.089999999999999997, 0.059999999999999998, 0.050000000000000003, 0.080000000000000002, 0.10000000000000001, 0.12, 0.13, 0.14999999999999999] 
	ID_B 11 [len 10]: [0.059999999999999998, 0.070000000000000007, 0.059999999999999998, 0.080000000000000002, 0.059999999999999998, 0.080000000000000002, 0.10000000000000001, 0.12, 0.13, 0.14999999999999999]


Models 8/10 
	ID_A 8 [len 10]: [0.059999999999999998, 0.070000000000000007, 0.059999999999999998, 0.080000000000000002, 0.059999999999999998, 0.080000000000000002, 0.10000000000000001, 0.12, 0.13, 0.14999999999999999] 
	ID_B 10 [len 10]: [0.16, 0.14999999999999999, 0.11, 0.19, 0.13, 0.080000000000000002, 0.10000000000000001, 0.12, 0.13, 0.14999999999999999]


Models 4/5 
	ID_A 4 [len 10]: [0.19, 0.22, 0.17999999999999999, 0.22, 0.13, 0.080000000000000002, 0.10000000000000001, 0.12, 0.13, 0.14999999999999999] 
	ID_B 5 [len 10]: [0.070000000000000007, 0.39000000000000001, 0.089999999999999997, 0.58999999999999997, 0.19, 0.080000000000000002, 0.10000000000000001, 0.12, 0.13, 0.14999999999999999]


Models 1/4 
	ID_A 1 [len 10]: [0.070000000000000007, 0.39000000000000001, 0.089999999999999997, 0.58999999999999997, 0.19, 0.080000000000000002, 0.10000000000000001, 0.12, 0.13, 0.14999999999999999] 
	ID_B 4 [len 10]: [0.16, 4.25, 1.0900000000000001, 0.65000000000000002, 0.66000000000000003, 0.080000000000000002, 0.10000000000000001, 0.12, 0.13, 0.14999999999999999]


Models 11/12 
	ID_A 11 [len 10]: [0.040000000000000001, 0.040000000000000001, 0.029999999999999999, 0.050000000000000003, 0.059999999999999998, 0.080000000000000002, 0.10000000000000001, 0.12, 0.13, 0.14999999999999999] 
	ID_B 12 [len 10]: [0.059999999999999998, 0.070000000000000007, 0.089999999999999997, 0.059999999999999998, 0.050000000000000003, 0.080000000000000002, 0.10000000000000001, 0.12, 0.13, 0.14999999999999999]


Models 12/16 
	ID_A 12 [len 10]: [0.029999999999999999, 0.040000000000000001, 0.050000000000000003, 0.050000000000000003, 0.080000000000000002, 0.080000000000000002, 0.10000000000000001, 0.12, 0.13, 0.14999999999999999] 
	ID_B 16 [len 10]: [0.040000000000000001, 0.040000000000000001, 0.029999999999999999, 0.050000000000000003, 0.059999999999999998, 0.080000000000000002, 0.10000000000000001, 0.12, 0.13, 0.14999999999999999]


Models 16/17 
	ID_A 16 [len 10]: [0.040000000000000001, 0.029999999999999999, 0.040000000000000001, 0.040000000000000001, 0.029999999999999999, 0.080000000000000002, 0.10000000000000001, 0.12, 0.13, 0.14999999999999999] 
	ID_B 17 [len 10]: [0.029999999999999999, 0.040000000000000001, 0.050000000000000003, 0.050000000000000003, 0.080000000000000002, 0.080000000000000002, 0.10000000000000001, 0.12, 0.13, 0.14999999999999999]


Models 16.0/11.0 
	ID_A 16.0 [len 10]: [0.059999999999999998, 0.070000000000000007, 0.089999999999999997, 0.059999999999999998, 0.050000000000000003, 0.080000000000000002, 0.10000000000000001, 0.12, 0.13, 0.14999999999999999] 
	ID_B 11.0 [len 10]: [0.029999999999999999, 0.040000000000000001, 0.050000000000000003, 0.050000000000000003, 0.080000000000000002, 0.080000000000000002, 0.10000000000000001, 0.12, 0.13, 0.14999999999999999]


Models 16.0/5.0 
	ID_A 16.0 [len 10]: [0.19, 0.22, 0.17999999999999999, 0.22, 0.13, 0.080000000000000002, 0.10000000000000001, 0.12, 0.13, 0.14999999999999999] 
	ID_B 5.0 [len 10]: [0.029999999999999999, 0.040000000000000001, 0.050000000000000003, 0.050000000000000003, 0.080000000000000002, 0.080000000000000002, 0.10000000000000001, 0.12, 0.13, 0.14999999999999999]


Models 16.0/8.0 
	ID_A 16.0 [len 10]: [0.16, 0.14999999999999999, 0.11, 0.19, 0.13, 0.080000000000000002, 0.10000000000000001, 0.12, 0.13, 0.14999999999999999] 
	ID_B 8.0 [len 10]: [0.029999999999999999, 0.040000000000000001, 0.050000000000000003, 0.050000000000000003, 0.080000000000000002, 0.080000000000000002, 0.10000000000000001, 0.12, 0.13, 0.14999999999999999]


Models 16.0/4.0 
	ID_A 16.0 [len 10]: [0.070000000000000007, 0.39000000000000001, 0.089999999999999997, 0.58999999999999997, 0.19, 0.080000000000000002, 0.10000000000000001, 0.12, 0.13, 0.14999999999999999] 
	ID_B 4.0 [len 10]: [0.029999999999999999, 0.040000000000000001, 0.050000000000000003, 0.050000000000000003, 0.080000000000000002, 0.080000000000000002, 0.10000000000000001, 0.12, 0.13, 0.14999999999999999]


Models 16.0/10.0 
	ID_A 16.0 [len 10]: [0.059999999999999998, 0.070000000000000007, 0.059999999999999998, 0.080000000000000002, 0.059999999999999998, 0.080000000000000002, 0.10000000000000001, 0.12, 0.13, 0.14999999999999999] 
	ID_B 10.0 [len 10]: [0.029999999999999999, 0.040000000000000001, 0.050000000000000003, 0.050000000000000003, 0.080000000000000002, 0.080000000000000002, 0.10000000000000001, 0.12, 0.13, 0.14999999999999999]


Models 16.0/1.0 
	ID_A 16.0 [len 10]: [0.16, 4.25, 1.0900000000000001, 0.65000000000000002, 0.66000000000000003, 0.080000000000000002, 0.10000000000000001, 0.12, 0.13, 0.14999999999999999] 
	ID_B 1.0 [len 10]: [0.029999999999999999, 0.040000000000000001, 0.050000000000000003, 0.050000000000000003, 0.080000000000000002, 0.080000000000000002, 0.10000000000000001, 0.12, 0.13, 0.14999999999999999]


Models 12.0/10.0 
	ID_A 12.0 [len 10]: [0.059999999999999998, 0.070000000000000007, 0.059999999999999998, 0.080000000000000002, 0.059999999999999998, 0.080000000000000002, 0.10000000000000001, 0.12, 0.13, 0.14999999999999999] 
	ID_B 10.0 [len 10]: [0.040000000000000001, 0.040000000000000001, 0.029999999999999999, 0.050000000000000003, 0.059999999999999998, 0.080000000000000002, 0.10000000000000001, 0.12, 0.13, 0.14999999999999999]


Models 12.0/5.0 
	ID_A 12.0 [len 10]: [0.19, 0.22, 0.17999999999999999, 0.22, 0.13, 0.080000000000000002, 0.10000000000000001, 0.12, 0.13, 0.14999999999999999] 
	ID_B 5.0 [len 10]: [0.040000000000000001, 0.040000000000000001, 0.029999999999999999, 0.050000000000000003, 0.059999999999999998, 0.080000000000000002, 0.10000000000000001, 0.12, 0.13, 0.14999999999999999]


Models 12.0/4.0 
	ID_A 12.0 [len 10]: [0.070000000000000007, 0.39000000000000001, 0.089999999999999997, 0.58999999999999997, 0.19, 0.080000000000000002, 0.10000000000000001, 0.12, 0.13, 0.14999999999999999] 
	ID_B 4.0 [len 10]: [0.040000000000000001, 0.040000000000000001, 0.029999999999999999, 0.050000000000000003, 0.059999999999999998, 0.080000000000000002, 0.10000000000000001, 0.12, 0.13, 0.14999999999999999]


Models 12.0/17.0 
	ID_A 12.0 [len 10]: [0.040000000000000001, 0.029999999999999999, 0.040000000000000001, 0.040000000000000001, 0.029999999999999999, 0.080000000000000002, 0.10000000000000001, 0.12, 0.13, 0.14999999999999999] 
	ID_B 17.0 [len 10]: [0.040000000000000001, 0.040000000000000001, 0.029999999999999999, 0.050000000000000003, 0.059999999999999998, 0.080000000000000002, 0.10000000000000001, 0.12, 0.13, 0.14999999999999999]


Models 12.0/1.0 
	ID_A 12.0 [len 10]: [0.16, 4.25, 1.0900000000000001, 0.65000000000000002, 0.66000000000000003, 0.080000000000000002, 0.10000000000000001, 0.12, 0.13, 0.14999999999999999] 
	ID_B 1.0 [len 10]: [0.040000000000000001, 0.040000000000000001, 0.029999999999999999, 0.050000000000000003, 0.059999999999999998, 0.080000000000000002, 0.10000000000000001, 0.12, 0.13, 0.14999999999999999]


Models 12.0/8.0 
	ID_A 12.0 [len 10]: [0.16, 0.14999999999999999, 0.11, 0.19, 0.13, 0.080000000000000002, 0.10000000000000001, 0.12, 0.13, 0.14999999999999999] 
	ID_B 8.0 [len 10]: [0.040000000000000001, 0.040000000000000001, 0.029999999999999999, 0.050000000000000003, 0.059999999999999998, 0.080000000000000002, 0.10000000000000001, 0.12, 0.13, 0.14999999999999999]


Models 10.0/5.0 
	ID_A 10.0 [len 10]: [0.19, 0.22, 0.17999999999999999, 0.22, 0.13, 0.080000000000000002, 0.10000000000000001, 0.12, 0.13, 0.14999999999999999] 
	ID_B 5.0 [len 10]: [0.059999999999999998, 0.070000000000000007, 0.059999999999999998, 0.080000000000000002, 0.059999999999999998, 0.080000000000000002, 0.10000000000000001, 0.12, 0.13, 0.14999999999999999]


Models 10.0/4.0 
	ID_A 10.0 [len 10]: [0.070000000000000007, 0.39000000000000001, 0.089999999999999997, 0.58999999999999997, 0.19, 0.080000000000000002, 0.10000000000000001, 0.12, 0.13, 0.14999999999999999] 
	ID_B 4.0 [len 10]: [0.059999999999999998, 0.070000000000000007, 0.059999999999999998, 0.080000000000000002, 0.059999999999999998, 0.080000000000000002, 0.10000000000000001, 0.12, 0.13, 0.14999999999999999]


Models 10.0/17.0 
	ID_A 10.0 [len 10]: [0.040000000000000001, 0.029999999999999999, 0.040000000000000001, 0.040000000000000001, 0.029999999999999999, 0.080000000000000002, 0.10000000000000001, 0.12, 0.13, 0.14999999999999999] 
	ID_B 17.0 [len 10]: [0.059999999999999998, 0.070000000000000007, 0.059999999999999998, 0.080000000000000002, 0.059999999999999998, 0.080000000000000002, 0.10000000000000001, 0.12, 0.13, 0.14999999999999999]


Models 10.0/1.0 
	ID_A 10.0 [len 10]: [0.16, 4.25, 1.0900000000000001, 0.65000000000000002, 0.66000000000000003, 0.080000000000000002, 0.10000000000000001, 0.12, 0.13, 0.14999999999999999] 
	ID_B 1.0 [len 10]: [0.059999999999999998, 0.070000000000000007, 0.059999999999999998, 0.080000000000000002, 0.059999999999999998, 0.080000000000000002, 0.10000000000000001, 0.12, 0.13, 0.14999999999999999]


Models 5.0/17.0 
	ID_A 5.0 [len 10]: [0.040000000000000001, 0.029999999999999999, 0.040000000000000001, 0.040000000000000001, 0.029999999999999999, 0.080000000000000002, 0.10000000000000001, 0.12, 0.13, 0.14999999999999999] 
	ID_B 17.0 [len 10]: [0.19, 0.22, 0.17999999999999999, 0.22, 0.13, 0.080000000000000002, 0.10000000000000001, 0.12, 0.13, 0.14999999999999999]


Models 5.0/1.0 
	ID_A 5.0 [len 10]: [0.16, 4.25, 1.0900000000000001, 0.65000000000000002, 0.66000000000000003, 0.080000000000000002, 0.10000000000000001, 0.12, 0.13, 0.14999999999999999] 
	ID_B 1.0 [len 10]: [0.19, 0.22, 0.17999999999999999, 0.22, 0.13, 0.080000000000000002, 0.10000000000000001, 0.12, 0.13, 0.14999999999999999]


Models 5.0/11.0 
	ID_A 5.0 [len 10]: [0.059999999999999998, 0.070000000000000007, 0.089999999999999997, 0.059999999999999998, 0.050000000000000003, 0.080000000000000002, 0.10000000000000001, 0.12, 0.13, 0.14999999999999999] 
	ID_B 11.0 [len 10]: [0.19, 0.22, 0.17999999999999999, 0.22, 0.13, 0.080000000000000002, 0.10000000000000001, 0.12, 0.13, 0.14999999999999999]


Models 4.0/17.0 
	ID_A 4.0 [len 10]: [0.040000000000000001, 0.029999999999999999, 0.040000000000000001, 0.040000000000000001, 0.029999999999999999, 0.080000000000000002, 0.10000000000000001, 0.12, 0.13, 0.14999999999999999] 
	ID_B 17.0 [len 10]: [0.070000000000000007, 0.39000000000000001, 0.089999999999999997, 0.58999999999999997, 0.19, 0.080000000000000002, 0.10000000000000001, 0.12, 0.13, 0.14999999999999999]


Models 4.0/11.0 
	ID_A 4.0 [len 10]: [0.059999999999999998, 0.070000000000000007, 0.089999999999999997, 0.059999999999999998, 0.050000000000000003, 0.080000000000000002, 0.10000000000000001, 0.12, 0.13, 0.14999999999999999] 
	ID_B 11.0 [len 10]: [0.070000000000000007, 0.39000000000000001, 0.089999999999999997, 0.58999999999999997, 0.19, 0.080000000000000002, 0.10000000000000001, 0.12, 0.13, 0.14999999999999999]


Models 4.0/8.0 
	ID_A 4.0 [len 10]: [0.16, 0.14999999999999999, 0.11, 0.19, 0.13, 0.080000000000000002, 0.10000000000000001, 0.12, 0.13, 0.14999999999999999] 
	ID_B 8.0 [len 10]: [0.070000000000000007, 0.39000000000000001, 0.089999999999999997, 0.58999999999999997, 0.19, 0.080000000000000002, 0.10000000000000001, 0.12, 0.13, 0.14999999999999999]


Models 17.0/1.0 
	ID_A 17.0 [len 10]: [0.16, 4.25, 1.0900000000000001, 0.65000000000000002, 0.66000000000000003, 0.080000000000000002, 0.10000000000000001, 0.12, 0.13, 0.14999999999999999] 
	ID_B 1.0 [len 10]: [0.040000000000000001, 0.029999999999999999, 0.040000000000000001, 0.040000000000000001, 0.029999999999999999, 0.080000000000000002, 0.10000000000000001, 0.12, 0.13, 0.14999999999999999]


Models 17.0/11.0 
	ID_A 17.0 [len 10]: [0.059999999999999998, 0.070000000000000007, 0.089999999999999997, 0.059999999999999998, 0.050000000000000003, 0.080000000000000002, 0.10000000000000001, 0.12, 0.13, 0.14999999999999999] 
	ID_B 11.0 [len 10]: [0.040000000000000001, 0.029999999999999999, 0.040000000000000001, 0.040000000000000001, 0.029999999999999999, 0.080000000000000002, 0.10000000000000001, 0.12, 0.13, 0.14999999999999999]


Models 17.0/8.0 
	ID_A 17.0 [len 10]: [0.16, 0.14999999999999999, 0.11, 0.19, 0.13, 0.080000000000000002, 0.10000000000000001, 0.12, 0.13, 0.14999999999999999] 
	ID_B 8.0 [len 10]: [0.040000000000000001, 0.029999999999999999, 0.040000000000000001, 0.040000000000000001, 0.029999999999999999, 0.080000000000000002, 0.10000000000000001, 0.12, 0.13, 0.14999999999999999]


Models 1.0/11.0 
	ID_A 1.0 [len 10]: [0.059999999999999998, 0.070000000000000007, 0.089999999999999997, 0.059999999999999998, 0.050000000000000003, 0.080000000000000002, 0.10000000000000001, 0.12, 0.13, 0.14999999999999999] 
	ID_B 11.0 [len 10]: [0.16, 4.25, 1.0900000000000001, 0.65000000000000002, 0.66000000000000003, 0.080000000000000002, 0.10000000000000001, 0.12, 0.13, 0.14999999999999999]


Models 1.0/8.0 
	ID_A 1.0 [len 10]: [0.16, 0.14999999999999999, 0.11, 0.19, 0.13, 0.080000000000000002, 0.10000000000000001, 0.12, 0.13, 0.14999999999999999] 
	ID_B 8.0 [len 10]: [0.16, 4.25, 1.0900000000000001, 0.65000000000000002, 0.66000000000000003, 0.080000000000000002, 0.10000000000000001, 0.12, 0.13, 0.14999999999999999]


Models 11.0/8.0 
	ID_A 11.0 [len 10]: [0.16, 0.14999999999999999, 0.11, 0.19, 0.13, 0.080000000000000002, 0.10000000000000001, 0.12, 0.13, 0.14999999999999999] 
	ID_B 8.0 [len 10]: [0.059999999999999998, 0.070000000000000007, 0.089999999999999997, 0.059999999999999998, 0.050000000000000003, 0.080000000000000002, 0.10000000000000001, 0.12, 0.13, 0.14999999999999999]
