

Models 1/2 
	ID_A 1 [len 10]: [0.33000000000000002, 0.26000000000000001, 1.3600000000000001, 0.089999999999999997, 0.60999999999999999, 0.080000000000000002, 0.10000000000000001, 0.12, 0.13, 0.14999999999999999] 
	ID_B 2 [len 10]: [22.030000000000001, 0.16, 1.4199999999999999, 0.25, 0.32000000000000001, 0.080000000000000002, 0.10000000000000001, 0.12, 0.13, 0.14999999999999999]


Models 0/1 
	ID_A 0 [len 10]: [22.030000000000001, 0.16, 1.4199999999999999, 0.25, 0.32000000000000001, 0.080000000000000002, 0.10000000000000001, 0.12, 0.13, 0.14999999999999999] 
	ID_B 1 [len 10]: [3.5, 0.89000000000000001, 2.29, 0.17999999999999999, 6.2000000000000002, 0.080000000000000002, 0.10000000000000001, 0.12, 0.13, 0.14999999999999999]


Models 0/2 
	ID_A 0 [len 10]: [0.33000000000000002, 0.26000000000000001, 1.3600000000000001, 0.089999999999999997, 0.60999999999999999, 0.080000000000000002, 0.10000000000000001, 0.12, 0.13, 0.14999999999999999] 
	ID_B 2 [len 10]: [3.5, 0.89000000000000001, 2.29, 0.17999999999999999, 6.2000000000000002, 0.080000000000000002, 0.10000000000000001, 0.12, 0.13, 0.14999999999999999]


Models 3.0/4.0 
	ID_A 3.0 [len 10]: [0.22, 0.27000000000000002, 0.17999999999999999, 0.26000000000000001, 0.23000000000000001, 0.080000000000000002, 0.10000000000000001, 0.12, 0.13, 0.14999999999999999] 
	ID_B 4.0 [len 10]: [0.87, 0.60999999999999999, 0.17000000000000001, 0.34000000000000002, 0.19, 0.080000000000000002, 0.10000000000000001, 0.12, 0.13, 0.14999999999999999]


Models 6.0/8.0 
	ID_A 6.0 [len 10]: [0.070000000000000007, 0.11, 0.10000000000000001, 0.12, 0.11, 0.080000000000000002, 0.10000000000000001, 0.12, 0.13, 0.14999999999999999] 
	ID_B 8.0 [len 10]: [0.080000000000000002, 0.17000000000000001, 0.059999999999999998, 0.10000000000000001, 0.12, 0.080000000000000002, 0.10000000000000001, 0.12, 0.13, 0.14999999999999999]


Models 7.0/8.0 
	ID_A 7.0 [len 10]: [0.070000000000000007, 0.11, 0.10000000000000001, 0.12, 0.11, 0.080000000000000002, 0.10000000000000001, 0.12, 0.13, 0.14999999999999999] 
	ID_B 8.0 [len 10]: [0.13, 0.059999999999999998, 0.13, 0.13, 0.17000000000000001, 0.080000000000000002, 0.10000000000000001, 0.12, 0.13, 0.14999999999999999]


Models 6.0/7.0 
	ID_A 6.0 [len 10]: [0.13, 0.059999999999999998, 0.13, 0.13, 0.17000000000000001, 0.080000000000000002, 0.10000000000000001, 0.12, 0.13, 0.14999999999999999] 
	ID_B 7.0 [len 10]: [0.080000000000000002, 0.17000000000000001, 0.059999999999999998, 0.10000000000000001, 0.12, 0.080000000000000002, 0.10000000000000001, 0.12, 0.13, 0.14999999999999999]


Models 9.0/10.0 
	ID_A 9.0 [len 10]: [0.070000000000000007, 0.070000000000000007, 0.059999999999999998, 0.080000000000000002, 0.050000000000000003, 0.080000000000000002, 0.10000000000000001, 0.12, 0.13, 0.14999999999999999] 
	ID_B 10.0 [len 10]: [0.070000000000000007, 0.040000000000000001, 0.12, 0.10000000000000001, 0.10000000000000001, 0.080000000000000002, 0.10000000000000001, 0.12, 0.13, 0.14999999999999999]


Models 13.0/14.0 
	ID_A 13.0 [len 10]: [0.040000000000000001, 0.050000000000000003, 0.040000000000000001, 0.050000000000000003, 0.029999999999999999, 0.080000000000000002, 0.10000000000000001, 0.12, 0.13, 0.14999999999999999] 
	ID_B 14.0 [len 10]: [0.070000000000000007, 0.059999999999999998, 0.070000000000000007, 0.050000000000000003, 0.040000000000000001, 0.080000000000000002, 0.10000000000000001, 0.12, 0.13, 0.14999999999999999]


Models 12.0/13.0 
	ID_A 12.0 [len 10]: [0.070000000000000007, 0.059999999999999998, 0.070000000000000007, 0.050000000000000003, 0.040000000000000001, 0.080000000000000002, 0.10000000000000001, 0.12, 0.13, 0.14999999999999999] 
	ID_B 13.0 [len 10]: [0.029999999999999999, 0.089999999999999997, 0.040000000000000001, 0.040000000000000001, 0.070000000000000007, 0.080000000000000002, 0.10000000000000001, 0.12, 0.13, 0.14999999999999999]


Models 12.0/14.0 
	ID_A 12.0 [len 10]: [0.040000000000000001, 0.050000000000000003, 0.040000000000000001, 0.050000000000000003, 0.029999999999999999, 0.080000000000000002, 0.10000000000000001, 0.12, 0.13, 0.14999999999999999] 
	ID_B 14.0 [len 10]: [0.029999999999999999, 0.089999999999999997, 0.040000000000000001, 0.040000000000000001, 0.070000000000000007, 0.080000000000000002, 0.10000000000000001, 0.12, 0.13, 0.14999999999999999]


Models 15.0/16.0 
	ID_A 15.0 [len 10]: [0.059999999999999998, 0.050000000000000003, 0.040000000000000001, 0.040000000000000001, 0.050000000000000003, 0.080000000000000002, 0.10000000000000001, 0.12, 0.13, 0.14999999999999999] 
	ID_B 16.0 [len 10]: [0.029999999999999999, 0.029999999999999999, 0.050000000000000003, 0.050000000000000003, 0.059999999999999998, 0.080000000000000002, 0.10000000000000001, 0.12, 0.13, 0.14999999999999999]


Models 11/12 
	ID_A 11 [len 10]: [0.029999999999999999, 0.089999999999999997, 0.040000000000000001, 0.040000000000000001, 0.070000000000000007, 0.080000000000000002, 0.10000000000000001, 0.12, 0.13, 0.14999999999999999] 
	ID_B 12 [len 10]: [0.070000000000000007, 0.040000000000000001, 0.070000000000000007, 0.070000000000000007, 0.14000000000000001, 0.080000000000000002, 0.10000000000000001, 0.12, 0.13, 0.14999999999999999]


Models 5/8 
	ID_A 5 [len 10]: [0.070000000000000007, 0.11, 0.10000000000000001, 0.12, 0.11, 0.080000000000000002, 0.10000000000000001, 0.12, 0.13, 0.14999999999999999] 
	ID_B 8 [len 10]: [0.13, 0.089999999999999997, 0.10000000000000001, 0.10000000000000001, 0.059999999999999998, 0.080000000000000002, 0.10000000000000001, 0.12, 0.13, 0.14999999999999999]


Models 1/3 
	ID_A 1 [len 10]: [0.87, 0.60999999999999999, 0.17000000000000001, 0.34000000000000002, 0.19, 0.080000000000000002, 0.10000000000000001, 0.12, 0.13, 0.14999999999999999] 
	ID_B 3 [len 10]: [22.030000000000001, 0.16, 1.4199999999999999, 0.25, 0.32000000000000001, 0.080000000000000002, 0.10000000000000001, 0.12, 0.13, 0.14999999999999999]


Models 8/9 
	ID_A 8 [len 10]: [0.070000000000000007, 0.040000000000000001, 0.12, 0.10000000000000001, 0.10000000000000001, 0.080000000000000002, 0.10000000000000001, 0.12, 0.13, 0.14999999999999999] 
	ID_B 9 [len 10]: [0.070000000000000007, 0.11, 0.10000000000000001, 0.12, 0.11, 0.080000000000000002, 0.10000000000000001, 0.12, 0.13, 0.14999999999999999]


Models 3/5 
	ID_A 3 [len 10]: [0.13, 0.089999999999999997, 0.10000000000000001, 0.10000000000000001, 0.059999999999999998, 0.080000000000000002, 0.10000000000000001, 0.12, 0.13, 0.14999999999999999] 
	ID_B 5 [len 10]: [0.87, 0.60999999999999999, 0.17000000000000001, 0.34000000000000002, 0.19, 0.080000000000000002, 0.10000000000000001, 0.12, 0.13, 0.14999999999999999]


Models 9/11 
	ID_A 9 [len 10]: [0.070000000000000007, 0.040000000000000001, 0.070000000000000007, 0.070000000000000007, 0.14000000000000001, 0.080000000000000002, 0.10000000000000001, 0.12, 0.13, 0.14999999999999999] 
	ID_B 11 [len 10]: [0.070000000000000007, 0.040000000000000001, 0.12, 0.10000000000000001, 0.10000000000000001, 0.080000000000000002, 0.10000000000000001, 0.12, 0.13, 0.14999999999999999]


Models 12/15 
	ID_A 12 [len 10]: [0.029999999999999999, 0.029999999999999999, 0.050000000000000003, 0.050000000000000003, 0.059999999999999998, 0.080000000000000002, 0.10000000000000001, 0.12, 0.13, 0.14999999999999999] 
	ID_B 15 [len 10]: [0.029999999999999999, 0.089999999999999997, 0.040000000000000001, 0.040000000000000001, 0.070000000000000007, 0.080000000000000002, 0.10000000000000001, 0.12, 0.13, 0.14999999999999999]


Models 15/17 
	ID_A 15 [len 10]: [0.059999999999999998, 0.059999999999999998, 0.029999999999999999, 0.050000000000000003, 0.040000000000000001, 0.080000000000000002, 0.10000000000000001, 0.12, 0.13, 0.14999999999999999] 
	ID_B 17 [len 10]: [0.029999999999999999, 0.029999999999999999, 0.050000000000000003, 0.050000000000000003, 0.059999999999999998, 0.080000000000000002, 0.10000000000000001, 0.12, 0.13, 0.14999999999999999]


Models 1.0/17.0 
	ID_A 1.0 [len 10]: [0.059999999999999998, 0.059999999999999998, 0.029999999999999999, 0.050000000000000003, 0.040000000000000001, 0.080000000000000002, 0.10000000000000001, 0.12, 0.13, 0.14999999999999999] 
	ID_B 17.0 [len 10]: [22.030000000000001, 0.16, 1.4199999999999999, 0.25, 0.32000000000000001, 0.080000000000000002, 0.10000000000000001, 0.12, 0.13, 0.14999999999999999]


Models 1.0/8.0 
	ID_A 1.0 [len 10]: [0.070000000000000007, 0.11, 0.10000000000000001, 0.12, 0.11, 0.080000000000000002, 0.10000000000000001, 0.12, 0.13, 0.14999999999999999] 
	ID_B 8.0 [len 10]: [22.030000000000001, 0.16, 1.4199999999999999, 0.25, 0.32000000000000001, 0.080000000000000002, 0.10000000000000001, 0.12, 0.13, 0.14999999999999999]


Models 1.0/15.0 
	ID_A 1.0 [len 10]: [0.029999999999999999, 0.029999999999999999, 0.050000000000000003, 0.050000000000000003, 0.059999999999999998, 0.080000000000000002, 0.10000000000000001, 0.12, 0.13, 0.14999999999999999] 
	ID_B 15.0 [len 10]: [22.030000000000001, 0.16, 1.4199999999999999, 0.25, 0.32000000000000001, 0.080000000000000002, 0.10000000000000001, 0.12, 0.13, 0.14999999999999999]


Models 1.0/9.0 
	ID_A 1.0 [len 10]: [0.070000000000000007, 0.040000000000000001, 0.12, 0.10000000000000001, 0.10000000000000001, 0.080000000000000002, 0.10000000000000001, 0.12, 0.13, 0.14999999999999999] 
	ID_B 9.0 [len 10]: [22.030000000000001, 0.16, 1.4199999999999999, 0.25, 0.32000000000000001, 0.080000000000000002, 0.10000000000000001, 0.12, 0.13, 0.14999999999999999]


Models 1.0/5.0 
	ID_A 1.0 [len 10]: [0.13, 0.089999999999999997, 0.10000000000000001, 0.10000000000000001, 0.059999999999999998, 0.080000000000000002, 0.10000000000000001, 0.12, 0.13, 0.14999999999999999] 
	ID_B 5.0 [len 10]: [22.030000000000001, 0.16, 1.4199999999999999, 0.25, 0.32000000000000001, 0.080000000000000002, 0.10000000000000001, 0.12, 0.13, 0.14999999999999999]


Models 1.0/11.0 
	ID_A 1.0 [len 10]: [0.070000000000000007, 0.040000000000000001, 0.070000000000000007, 0.070000000000000007, 0.14000000000000001, 0.080000000000000002, 0.10000000000000001, 0.12, 0.13, 0.14999999999999999] 
	ID_B 11.0 [len 10]: [22.030000000000001, 0.16, 1.4199999999999999, 0.25, 0.32000000000000001, 0.080000000000000002, 0.10000000000000001, 0.12, 0.13, 0.14999999999999999]


Models 1.0/12.0 
	ID_A 1.0 [len 10]: [0.029999999999999999, 0.089999999999999997, 0.040000000000000001, 0.040000000000000001, 0.070000000000000007, 0.080000000000000002, 0.10000000000000001, 0.12, 0.13, 0.14999999999999999] 
	ID_B 12.0 [len 10]: [22.030000000000001, 0.16, 1.4199999999999999, 0.25, 0.32000000000000001, 0.080000000000000002, 0.10000000000000001, 0.12, 0.13, 0.14999999999999999]


Models 8.0/3.0 
	ID_A 8.0 [len 10]: [0.87, 0.60999999999999999, 0.17000000000000001, 0.34000000000000002, 0.19, 0.080000000000000002, 0.10000000000000001, 0.12, 0.13, 0.14999999999999999] 
	ID_B 3.0 [len 10]: [0.070000000000000007, 0.11, 0.10000000000000001, 0.12, 0.11, 0.080000000000000002, 0.10000000000000001, 0.12, 0.13, 0.14999999999999999]


Models 8.0/15.0 
	ID_A 8.0 [len 10]: [0.029999999999999999, 0.029999999999999999, 0.050000000000000003, 0.050000000000000003, 0.059999999999999998, 0.080000000000000002, 0.10000000000000001, 0.12, 0.13, 0.14999999999999999] 
	ID_B 15.0 [len 10]: [0.070000000000000007, 0.11, 0.10000000000000001, 0.12, 0.11, 0.080000000000000002, 0.10000000000000001, 0.12, 0.13, 0.14999999999999999]


Models 8.0/11.0 
	ID_A 8.0 [len 10]: [0.070000000000000007, 0.040000000000000001, 0.070000000000000007, 0.070000000000000007, 0.14000000000000001, 0.080000000000000002, 0.10000000000000001, 0.12, 0.13, 0.14999999999999999] 
	ID_B 11.0 [len 10]: [0.070000000000000007, 0.11, 0.10000000000000001, 0.12, 0.11, 0.080000000000000002, 0.10000000000000001, 0.12, 0.13, 0.14999999999999999]


Models 8.0/12.0 
	ID_A 8.0 [len 10]: [0.029999999999999999, 0.089999999999999997, 0.040000000000000001, 0.040000000000000001, 0.070000000000000007, 0.080000000000000002, 0.10000000000000001, 0.12, 0.13, 0.14999999999999999] 
	ID_B 12.0 [len 10]: [0.070000000000000007, 0.11, 0.10000000000000001, 0.12, 0.11, 0.080000000000000002, 0.10000000000000001, 0.12, 0.13, 0.14999999999999999]


Models 8.0/17.0 
	ID_A 8.0 [len 10]: [0.059999999999999998, 0.059999999999999998, 0.029999999999999999, 0.050000000000000003, 0.040000000000000001, 0.080000000000000002, 0.10000000000000001, 0.12, 0.13, 0.14999999999999999] 
	ID_B 17.0 [len 10]: [0.070000000000000007, 0.11, 0.10000000000000001, 0.12, 0.11, 0.080000000000000002, 0.10000000000000001, 0.12, 0.13, 0.14999999999999999]


Models 5.0/15.0 
	ID_A 5.0 [len 10]: [0.029999999999999999, 0.029999999999999999, 0.050000000000000003, 0.050000000000000003, 0.059999999999999998, 0.080000000000000002, 0.10000000000000001, 0.12, 0.13, 0.14999999999999999] 
	ID_B 15.0 [len 10]: [0.13, 0.089999999999999997, 0.10000000000000001, 0.10000000000000001, 0.059999999999999998, 0.080000000000000002, 0.10000000000000001, 0.12, 0.13, 0.14999999999999999]


Models 5.0/9.0 
	ID_A 5.0 [len 10]: [0.070000000000000007, 0.040000000000000001, 0.12, 0.10000000000000001, 0.10000000000000001, 0.080000000000000002, 0.10000000000000001, 0.12, 0.13, 0.14999999999999999] 
	ID_B 9.0 [len 10]: [0.13, 0.089999999999999997, 0.10000000000000001, 0.10000000000000001, 0.059999999999999998, 0.080000000000000002, 0.10000000000000001, 0.12, 0.13, 0.14999999999999999]


Models 5.0/12.0 
	ID_A 5.0 [len 10]: [0.029999999999999999, 0.089999999999999997, 0.040000000000000001, 0.040000000000000001, 0.070000000000000007, 0.080000000000000002, 0.10000000000000001, 0.12, 0.13, 0.14999999999999999] 
	ID_B 12.0 [len 10]: [0.13, 0.089999999999999997, 0.10000000000000001, 0.10000000000000001, 0.059999999999999998, 0.080000000000000002, 0.10000000000000001, 0.12, 0.13, 0.14999999999999999]


Models 5.0/17.0 
	ID_A 5.0 [len 10]: [0.059999999999999998, 0.059999999999999998, 0.029999999999999999, 0.050000000000000003, 0.040000000000000001, 0.080000000000000002, 0.10000000000000001, 0.12, 0.13, 0.14999999999999999] 
	ID_B 17.0 [len 10]: [0.13, 0.089999999999999997, 0.10000000000000001, 0.10000000000000001, 0.059999999999999998, 0.080000000000000002, 0.10000000000000001, 0.12, 0.13, 0.14999999999999999]


Models 5.0/11.0 
	ID_A 5.0 [len 10]: [0.070000000000000007, 0.040000000000000001, 0.070000000000000007, 0.070000000000000007, 0.14000000000000001, 0.080000000000000002, 0.10000000000000001, 0.12, 0.13, 0.14999999999999999] 
	ID_B 11.0 [len 10]: [0.13, 0.089999999999999997, 0.10000000000000001, 0.10000000000000001, 0.059999999999999998, 0.080000000000000002, 0.10000000000000001, 0.12, 0.13, 0.14999999999999999]


Models 15.0/3.0 
	ID_A 15.0 [len 10]: [0.87, 0.60999999999999999, 0.17000000000000001, 0.34000000000000002, 0.19, 0.080000000000000002, 0.10000000000000001, 0.12, 0.13, 0.14999999999999999] 
	ID_B 3.0 [len 10]: [0.029999999999999999, 0.029999999999999999, 0.050000000000000003, 0.050000000000000003, 0.059999999999999998, 0.080000000000000002, 0.10000000000000001, 0.12, 0.13, 0.14999999999999999]


Models 15.0/9.0 
	ID_A 15.0 [len 10]: [0.070000000000000007, 0.040000000000000001, 0.12, 0.10000000000000001, 0.10000000000000001, 0.080000000000000002, 0.10000000000000001, 0.12, 0.13, 0.14999999999999999] 
	ID_B 9.0 [len 10]: [0.029999999999999999, 0.029999999999999999, 0.050000000000000003, 0.050000000000000003, 0.059999999999999998, 0.080000000000000002, 0.10000000000000001, 0.12, 0.13, 0.14999999999999999]


Models 15.0/11.0 
	ID_A 15.0 [len 10]: [0.070000000000000007, 0.040000000000000001, 0.070000000000000007, 0.070000000000000007, 0.14000000000000001, 0.080000000000000002, 0.10000000000000001, 0.12, 0.13, 0.14999999999999999] 
	ID_B 11.0 [len 10]: [0.029999999999999999, 0.029999999999999999, 0.050000000000000003, 0.050000000000000003, 0.059999999999999998, 0.080000000000000002, 0.10000000000000001, 0.12, 0.13, 0.14999999999999999]


Models 3.0/9.0 
	ID_A 3.0 [len 10]: [0.070000000000000007, 0.040000000000000001, 0.12, 0.10000000000000001, 0.10000000000000001, 0.080000000000000002, 0.10000000000000001, 0.12, 0.13, 0.14999999999999999] 
	ID_B 9.0 [len 10]: [0.87, 0.60999999999999999, 0.17000000000000001, 0.34000000000000002, 0.19, 0.080000000000000002, 0.10000000000000001, 0.12, 0.13, 0.14999999999999999]


Models 3.0/11.0 
	ID_A 3.0 [len 10]: [0.070000000000000007, 0.040000000000000001, 0.070000000000000007, 0.070000000000000007, 0.14000000000000001, 0.080000000000000002, 0.10000000000000001, 0.12, 0.13, 0.14999999999999999] 
	ID_B 11.0 [len 10]: [0.87, 0.60999999999999999, 0.17000000000000001, 0.34000000000000002, 0.19, 0.080000000000000002, 0.10000000000000001, 0.12, 0.13, 0.14999999999999999]


Models 3.0/17.0 
	ID_A 3.0 [len 10]: [0.059999999999999998, 0.059999999999999998, 0.029999999999999999, 0.050000000000000003, 0.040000000000000001, 0.080000000000000002, 0.10000000000000001, 0.12, 0.13, 0.14999999999999999] 
	ID_B 17.0 [len 10]: [0.87, 0.60999999999999999, 0.17000000000000001, 0.34000000000000002, 0.19, 0.080000000000000002, 0.10000000000000001, 0.12, 0.13, 0.14999999999999999]


Models 3.0/12.0 
	ID_A 3.0 [len 10]: [0.029999999999999999, 0.089999999999999997, 0.040000000000000001, 0.040000000000000001, 0.070000000000000007, 0.080000000000000002, 0.10000000000000001, 0.12, 0.13, 0.14999999999999999] 
	ID_B 12.0 [len 10]: [0.87, 0.60999999999999999, 0.17000000000000001, 0.34000000000000002, 0.19, 0.080000000000000002, 0.10000000000000001, 0.12, 0.13, 0.14999999999999999]


Models 9.0/17.0 
	ID_A 9.0 [len 10]: [0.059999999999999998, 0.059999999999999998, 0.029999999999999999, 0.050000000000000003, 0.040000000000000001, 0.080000000000000002, 0.10000000000000001, 0.12, 0.13, 0.14999999999999999] 
	ID_B 17.0 [len 10]: [0.070000000000000007, 0.040000000000000001, 0.12, 0.10000000000000001, 0.10000000000000001, 0.080000000000000002, 0.10000000000000001, 0.12, 0.13, 0.14999999999999999]


Models 9.0/12.0 
	ID_A 9.0 [len 10]: [0.029999999999999999, 0.089999999999999997, 0.040000000000000001, 0.040000000000000001, 0.070000000000000007, 0.080000000000000002, 0.10000000000000001, 0.12, 0.13, 0.14999999999999999] 
	ID_B 12.0 [len 10]: [0.070000000000000007, 0.040000000000000001, 0.12, 0.10000000000000001, 0.10000000000000001, 0.080000000000000002, 0.10000000000000001, 0.12, 0.13, 0.14999999999999999]


Models 17.0/11.0 
	ID_A 17.0 [len 10]: [0.070000000000000007, 0.040000000000000001, 0.070000000000000007, 0.070000000000000007, 0.14000000000000001, 0.080000000000000002, 0.10000000000000001, 0.12, 0.13, 0.14999999999999999] 
	ID_B 11.0 [len 10]: [0.059999999999999998, 0.059999999999999998, 0.029999999999999999, 0.050000000000000003, 0.040000000000000001, 0.080000000000000002, 0.10000000000000001, 0.12, 0.13, 0.14999999999999999]


Models 17.0/12.0 
	ID_A 17.0 [len 10]: [0.029999999999999999, 0.089999999999999997, 0.040000000000000001, 0.040000000000000001, 0.070000000000000007, 0.080000000000000002, 0.10000000000000001, 0.12, 0.13, 0.14999999999999999] 
	ID_B 12.0 [len 10]: [0.059999999999999998, 0.059999999999999998, 0.029999999999999999, 0.050000000000000003, 0.040000000000000001, 0.080000000000000002, 0.10000000000000001, 0.12, 0.13, 0.14999999999999999]
