

Models 0/2 
	ID_A 0 [len 10]: [0.83999999999999997, 0.25, 0.11, 0.11, 0.93000000000000005, 0.080000000000000002, 0.10000000000000001, 0.12, 0.13, 0.14999999999999999] 
	ID_B 2 [len 10]: [1.3200000000000001, 0.56999999999999995, 7.46, 0.27000000000000002, 1.99, 0.080000000000000002, 0.10000000000000001, 0.12, 0.13, 0.14999999999999999]


Models 1/2 
	ID_A 1 [len 10]: [0.83999999999999997, 0.25, 0.11, 0.11, 0.93000000000000005, 0.080000000000000002, 0.10000000000000001, 0.12, 0.13, 0.14999999999999999] 
	ID_B 2 [len 10]: [1.8200000000000001, 0.14000000000000001, 0.25, 0.72999999999999998, 35.960000000000001, 0.080000000000000002, 0.10000000000000001, 0.12, 0.13, 0.14999999999999999]


Models 0/1 
	ID_A 0 [len 10]: [1.8200000000000001, 0.14000000000000001, 0.25, 0.72999999999999998, 35.960000000000001, 0.080000000000000002, 0.10000000000000001, 0.12, 0.13, 0.14999999999999999] 
	ID_B 1 [len 10]: [1.3200000000000001, 0.56999999999999995, 7.46, 0.27000000000000002, 1.99, 0.080000000000000002, 0.10000000000000001, 0.12, 0.13, 0.14999999999999999]


Models 3.0/4.0 
	ID_A 3.0 [len 10]: [0.28000000000000003, 0.11, 0.12, 0.31, 0.67000000000000004, 0.080000000000000002, 0.10000000000000001, 0.12, 0.13, 0.14999999999999999] 
	ID_B 4.0 [len 10]: [0.28999999999999998, 0.10000000000000001, 0.12, 0.080000000000000002, 0.23000000000000001, 0.080000000000000002, 0.10000000000000001, 0.12, 0.13, 0.14999999999999999]


Models 6.0/7.0 
	ID_A 6.0 [len 10]: [0.12, 0.10000000000000001, 0.089999999999999997, 0.089999999999999997, 0.19, 0.080000000000000002, 0.10000000000000001, 0.12, 0.13, 0.14999999999999999] 
	ID_B 7.0 [len 10]: [0.080000000000000002, 0.070000000000000007, 0.14999999999999999, 0.080000000000000002, 0.46999999999999997, 0.080000000000000002, 0.10000000000000001, 0.12, 0.13, 0.14999999999999999]


Models 6.0/8.0 
	ID_A 6.0 [len 10]: [0.050000000000000003, 0.089999999999999997, 0.080000000000000002, 0.070000000000000007, 0.070000000000000007, 0.080000000000000002, 0.10000000000000001, 0.12, 0.13, 0.14999999999999999] 
	ID_B 8.0 [len 10]: [0.080000000000000002, 0.070000000000000007, 0.14999999999999999, 0.080000000000000002, 0.46999999999999997, 0.080000000000000002, 0.10000000000000001, 0.12, 0.13, 0.14999999999999999]


Models 7.0/8.0 
	ID_A 7.0 [len 10]: [0.050000000000000003, 0.089999999999999997, 0.080000000000000002, 0.070000000000000007, 0.070000000000000007, 0.080000000000000002, 0.10000000000000001, 0.12, 0.13, 0.14999999999999999] 
	ID_B 8.0 [len 10]: [0.12, 0.10000000000000001, 0.089999999999999997, 0.089999999999999997, 0.19, 0.080000000000000002, 0.10000000000000001, 0.12, 0.13, 0.14999999999999999]


Models 9.0/10.0 
	ID_A 9.0 [len 10]: [0.059999999999999998, 0.10000000000000001, 0.11, 0.14999999999999999, 0.13, 0.080000000000000002, 0.10000000000000001, 0.12, 0.13, 0.14999999999999999] 
	ID_B 10.0 [len 10]: [0.059999999999999998, 0.070000000000000007, 0.059999999999999998, 0.070000000000000007, 0.14999999999999999, 0.080000000000000002, 0.10000000000000001, 0.12, 0.13, 0.14999999999999999]


Models 13.0/14.0 
	ID_A 13.0 [len 10]: [0.070000000000000007, 0.050000000000000003, 0.070000000000000007, 0.050000000000000003, 0.040000000000000001, 0.080000000000000002, 0.10000000000000001, 0.12, 0.13, 0.14999999999999999] 
	ID_B 14.0 [len 10]: [0.059999999999999998, 0.040000000000000001, 0.050000000000000003, 0.050000000000000003, 0.059999999999999998, 0.080000000000000002, 0.10000000000000001, 0.12, 0.13, 0.14999999999999999]


Models 12.0/14.0 
	ID_A 12.0 [len 10]: [0.070000000000000007, 0.050000000000000003, 0.070000000000000007, 0.050000000000000003, 0.040000000000000001, 0.080000000000000002, 0.10000000000000001, 0.12, 0.13, 0.14999999999999999] 
	ID_B 14.0 [len 10]: [0.050000000000000003, 0.089999999999999997, 0.050000000000000003, 0.040000000000000001, 0.050000000000000003, 0.080000000000000002, 0.10000000000000001, 0.12, 0.13, 0.14999999999999999]


Models 12.0/13.0 
	ID_A 12.0 [len 10]: [0.059999999999999998, 0.040000000000000001, 0.050000000000000003, 0.050000000000000003, 0.059999999999999998, 0.080000000000000002, 0.10000000000000001, 0.12, 0.13, 0.14999999999999999] 
	ID_B 13.0 [len 10]: [0.050000000000000003, 0.089999999999999997, 0.050000000000000003, 0.040000000000000001, 0.050000000000000003, 0.080000000000000002, 0.10000000000000001, 0.12, 0.13, 0.14999999999999999]


Models 15.0/16.0 
	ID_A 15.0 [len 10]: [0.050000000000000003, 0.059999999999999998, 0.040000000000000001, 0.029999999999999999, 0.040000000000000001, 0.080000000000000002, 0.10000000000000001, 0.12, 0.13, 0.14999999999999999] 
	ID_B 16.0 [len 10]: [0.029999999999999999, 0.029999999999999999, 0.070000000000000007, 0.029999999999999999, 0.040000000000000001, 0.080000000000000002, 0.10000000000000001, 0.12, 0.13, 0.14999999999999999]


Models 5/7 
	ID_A 5 [len 10]: [0.12, 0.10000000000000001, 0.089999999999999997, 0.089999999999999997, 0.19, 0.080000000000000002, 0.10000000000000001, 0.12, 0.13, 0.14999999999999999] 
	ID_B 7 [len 10]: [0.11, 0.13, 0.12, 0.17000000000000001, 0.23000000000000001, 0.080000000000000002, 0.10000000000000001, 0.12, 0.13, 0.14999999999999999]


Models 11/12 
	ID_A 11 [len 10]: [0.050000000000000003, 0.089999999999999997, 0.050000000000000003, 0.040000000000000001, 0.050000000000000003, 0.080000000000000002, 0.10000000000000001, 0.12, 0.13, 0.14999999999999999] 
	ID_B 12 [len 10]: [0.080000000000000002, 0.040000000000000001, 0.040000000000000001, 0.070000000000000007, 0.070000000000000007, 0.080000000000000002, 0.10000000000000001, 0.12, 0.13, 0.14999999999999999]


Models 7/9 
	ID_A 7 [len 10]: [0.059999999999999998, 0.070000000000000007, 0.059999999999999998, 0.070000000000000007, 0.14999999999999999, 0.080000000000000002, 0.10000000000000001, 0.12, 0.13, 0.14999999999999999] 
	ID_B 9 [len 10]: [0.12, 0.10000000000000001, 0.089999999999999997, 0.089999999999999997, 0.19, 0.080000000000000002, 0.10000000000000001, 0.12, 0.13, 0.14999999999999999]


Models 4/5 
	ID_A 4 [len 10]: [0.11, 0.13, 0.12, 0.17000000000000001, 0.23000000000000001, 0.080000000000000002, 0.10000000000000001, 0.12, 0.13, 0.14999999999999999] 
	ID_B 5 [len 10]: [0.28000000000000003, 0.11, 0.12, 0.31, 0.67000000000000004, 0.080000000000000002, 0.10000000000000001, 0.12, 0.13, 0.14999999999999999]


Models 1/4 
	ID_A 1 [len 10]: [0.28000000000000003, 0.11, 0.12, 0.31, 0.67000000000000004, 0.080000000000000002, 0.10000000000000001, 0.12, 0.13, 0.14999999999999999] 
	ID_B 4 [len 10]: [1.8200000000000001, 0.14000000000000001, 0.25, 0.72999999999999998, 35.960000000000001, 0.080000000000000002, 0.10000000000000001, 0.12, 0.13, 0.14999999999999999]


Models 9/11 
	ID_A 9 [len 10]: [0.080000000000000002, 0.040000000000000001, 0.040000000000000001, 0.070000000000000007, 0.070000000000000007, 0.080000000000000002, 0.10000000000000001, 0.12, 0.13, 0.14999999999999999] 
	ID_B 11 [len 10]: [0.059999999999999998, 0.070000000000000007, 0.059999999999999998, 0.070000000000000007, 0.14999999999999999, 0.080000000000000002, 0.10000000000000001, 0.12, 0.13, 0.14999999999999999]


Models 12/16 
	ID_A 12 [len 10]: [0.050000000000000003, 0.059999999999999998, 0.040000000000000001, 0.029999999999999999, 0.040000000000000001, 0.080000000000000002, 0.10000000000000001, 0.12, 0.13, 0.14999999999999999] 
	ID_B 16 [len 10]: [0.050000000000000003, 0.089999999999999997, 0.050000000000000003, 0.040000000000000001, 0.050000000000000003, 0.080000000000000002, 0.10000000000000001, 0.12, 0.13, 0.14999999999999999]


Models 16/17 
	ID_A 16 [len 10]: [0.050000000000000003, 0.040000000000000001, 0.050000000000000003, 0.050000000000000003, 0.059999999999999998, 0.080000000000000002, 0.10000000000000001, 0.12, 0.13, 0.14999999999999999] 
	ID_B 17 [len 10]: [0.050000000000000003, 0.059999999999999998, 0.040000000000000001, 0.029999999999999999, 0.040000000000000001, 0.080000000000000002, 0.10000000000000001, 0.12, 0.13, 0.14999999999999999]


Models 7.0/11.0 
	ID_A 7.0 [len 10]: [0.080000000000000002, 0.040000000000000001, 0.040000000000000001, 0.070000000000000007, 0.070000000000000007, 0.080000000000000002, 0.10000000000000001, 0.12, 0.13, 0.14999999999999999] 
	ID_B 11.0 [len 10]: [0.12, 0.10000000000000001, 0.089999999999999997, 0.089999999999999997, 0.19, 0.080000000000000002, 0.10000000000000001, 0.12, 0.13, 0.14999999999999999]


Models 7.0/4.0 
	ID_A 7.0 [len 10]: [0.28000000000000003, 0.11, 0.12, 0.31, 0.67000000000000004, 0.080000000000000002, 0.10000000000000001, 0.12, 0.13, 0.14999999999999999] 
	ID_B 4.0 [len 10]: [0.12, 0.10000000000000001, 0.089999999999999997, 0.089999999999999997, 0.19, 0.080000000000000002, 0.10000000000000001, 0.12, 0.13, 0.14999999999999999]


Models 7.0/16.0 
	ID_A 7.0 [len 10]: [0.050000000000000003, 0.059999999999999998, 0.040000000000000001, 0.029999999999999999, 0.040000000000000001, 0.080000000000000002, 0.10000000000000001, 0.12, 0.13, 0.14999999999999999] 
	ID_B 16.0 [len 10]: [0.12, 0.10000000000000001, 0.089999999999999997, 0.089999999999999997, 0.19, 0.080000000000000002, 0.10000000000000001, 0.12, 0.13, 0.14999999999999999]


Models 7.0/17.0 
	ID_A 7.0 [len 10]: [0.050000000000000003, 0.040000000000000001, 0.050000000000000003, 0.050000000000000003, 0.059999999999999998, 0.080000000000000002, 0.10000000000000001, 0.12, 0.13, 0.14999999999999999] 
	ID_B 17.0 [len 10]: [0.12, 0.10000000000000001, 0.089999999999999997, 0.089999999999999997, 0.19, 0.080000000000000002, 0.10000000000000001, 0.12, 0.13, 0.14999999999999999]


Models 7.0/1.0 
	ID_A 7.0 [len 10]: [1.8200000000000001, 0.14000000000000001, 0.25, 0.72999999999999998, 35.960000000000001, 0.080000000000000002, 0.10000000000000001, 0.12, 0.13, 0.14999999999999999] 
	ID_B 1.0 [len 10]: [0.12, 0.10000000000000001, 0.089999999999999997, 0.089999999999999997, 0.19, 0.080000000000000002, 0.10000000000000001, 0.12, 0.13, 0.14999999999999999]


Models 1.0/16.0 
	ID_A 1.0 [len 10]: [0.050000000000000003, 0.059999999999999998, 0.040000000000000001, 0.029999999999999999, 0.040000000000000001, 0.080000000000000002, 0.10000000000000001, 0.12, 0.13, 0.14999999999999999] 
	ID_B 16.0 [len 10]: [1.8200000000000001, 0.14000000000000001, 0.25, 0.72999999999999998, 35.960000000000001, 0.080000000000000002, 0.10000000000000001, 0.12, 0.13, 0.14999999999999999]


Models 1.0/12.0 
	ID_A 1.0 [len 10]: [0.050000000000000003, 0.089999999999999997, 0.050000000000000003, 0.040000000000000001, 0.050000000000000003, 0.080000000000000002, 0.10000000000000001, 0.12, 0.13, 0.14999999999999999] 
	ID_B 12.0 [len 10]: [1.8200000000000001, 0.14000000000000001, 0.25, 0.72999999999999998, 35.960000000000001, 0.080000000000000002, 0.10000000000000001, 0.12, 0.13, 0.14999999999999999]


Models 7.0/12.0 
	ID_A 7.0 [len 10]: [0.050000000000000003, 0.089999999999999997, 0.050000000000000003, 0.040000000000000001, 0.050000000000000003, 0.080000000000000002, 0.10000000000000001, 0.12, 0.13, 0.14999999999999999] 
	ID_B 12.0 [len 10]: [0.12, 0.10000000000000001, 0.089999999999999997, 0.089999999999999997, 0.19, 0.080000000000000002, 0.10000000000000001, 0.12, 0.13, 0.14999999999999999]


Models 1.0/9.0 
	ID_A 1.0 [len 10]: [0.059999999999999998, 0.070000000000000007, 0.059999999999999998, 0.070000000000000007, 0.14999999999999999, 0.080000000000000002, 0.10000000000000001, 0.12, 0.13, 0.14999999999999999] 
	ID_B 9.0 [len 10]: [1.8200000000000001, 0.14000000000000001, 0.25, 0.72999999999999998, 35.960000000000001, 0.080000000000000002, 0.10000000000000001, 0.12, 0.13, 0.14999999999999999]


Models 12.0/17.0 
	ID_A 12.0 [len 10]: [0.050000000000000003, 0.040000000000000001, 0.050000000000000003, 0.050000000000000003, 0.059999999999999998, 0.080000000000000002, 0.10000000000000001, 0.12, 0.13, 0.14999999999999999] 
	ID_B 17.0 [len 10]: [0.050000000000000003, 0.089999999999999997, 0.050000000000000003, 0.040000000000000001, 0.050000000000000003, 0.080000000000000002, 0.10000000000000001, 0.12, 0.13, 0.14999999999999999]


Models 1.0/17.0 
	ID_A 1.0 [len 10]: [0.050000000000000003, 0.040000000000000001, 0.050000000000000003, 0.050000000000000003, 0.059999999999999998, 0.080000000000000002, 0.10000000000000001, 0.12, 0.13, 0.14999999999999999] 
	ID_B 17.0 [len 10]: [1.8200000000000001, 0.14000000000000001, 0.25, 0.72999999999999998, 35.960000000000001, 0.080000000000000002, 0.10000000000000001, 0.12, 0.13, 0.14999999999999999]


Models 12.0/5.0 
	ID_A 12.0 [len 10]: [0.11, 0.13, 0.12, 0.17000000000000001, 0.23000000000000001, 0.080000000000000002, 0.10000000000000001, 0.12, 0.13, 0.14999999999999999] 
	ID_B 5.0 [len 10]: [0.050000000000000003, 0.089999999999999997, 0.050000000000000003, 0.040000000000000001, 0.050000000000000003, 0.080000000000000002, 0.10000000000000001, 0.12, 0.13, 0.14999999999999999]


Models 1.0/5.0 
	ID_A 1.0 [len 10]: [0.11, 0.13, 0.12, 0.17000000000000001, 0.23000000000000001, 0.080000000000000002, 0.10000000000000001, 0.12, 0.13, 0.14999999999999999] 
	ID_B 5.0 [len 10]: [1.8200000000000001, 0.14000000000000001, 0.25, 0.72999999999999998, 35.960000000000001, 0.080000000000000002, 0.10000000000000001, 0.12, 0.13, 0.14999999999999999]


Models 1.0/11.0 
	ID_A 1.0 [len 10]: [0.080000000000000002, 0.040000000000000001, 0.040000000000000001, 0.070000000000000007, 0.070000000000000007, 0.080000000000000002, 0.10000000000000001, 0.12, 0.13, 0.14999999999999999] 
	ID_B 11.0 [len 10]: [1.8200000000000001, 0.14000000000000001, 0.25, 0.72999999999999998, 35.960000000000001, 0.080000000000000002, 0.10000000000000001, 0.12, 0.13, 0.14999999999999999]


Models 12.0/9.0 
	ID_A 12.0 [len 10]: [0.059999999999999998, 0.070000000000000007, 0.059999999999999998, 0.070000000000000007, 0.14999999999999999, 0.080000000000000002, 0.10000000000000001, 0.12, 0.13, 0.14999999999999999] 
	ID_B 9.0 [len 10]: [0.050000000000000003, 0.089999999999999997, 0.050000000000000003, 0.040000000000000001, 0.050000000000000003, 0.080000000000000002, 0.10000000000000001, 0.12, 0.13, 0.14999999999999999]


Models 12.0/4.0 
	ID_A 12.0 [len 10]: [0.28000000000000003, 0.11, 0.12, 0.31, 0.67000000000000004, 0.080000000000000002, 0.10000000000000001, 0.12, 0.13, 0.14999999999999999] 
	ID_B 4.0 [len 10]: [0.050000000000000003, 0.089999999999999997, 0.050000000000000003, 0.040000000000000001, 0.050000000000000003, 0.080000000000000002, 0.10000000000000001, 0.12, 0.13, 0.14999999999999999]


Models 17.0/5.0 
	ID_A 17.0 [len 10]: [0.11, 0.13, 0.12, 0.17000000000000001, 0.23000000000000001, 0.080000000000000002, 0.10000000000000001, 0.12, 0.13, 0.14999999999999999] 
	ID_B 5.0 [len 10]: [0.050000000000000003, 0.040000000000000001, 0.050000000000000003, 0.050000000000000003, 0.059999999999999998, 0.080000000000000002, 0.10000000000000001, 0.12, 0.13, 0.14999999999999999]


Models 17.0/9.0 
	ID_A 17.0 [len 10]: [0.059999999999999998, 0.070000000000000007, 0.059999999999999998, 0.070000000000000007, 0.14999999999999999, 0.080000000000000002, 0.10000000000000001, 0.12, 0.13, 0.14999999999999999] 
	ID_B 9.0 [len 10]: [0.050000000000000003, 0.040000000000000001, 0.050000000000000003, 0.050000000000000003, 0.059999999999999998, 0.080000000000000002, 0.10000000000000001, 0.12, 0.13, 0.14999999999999999]


Models 16.0/11.0 
	ID_A 16.0 [len 10]: [0.080000000000000002, 0.040000000000000001, 0.040000000000000001, 0.070000000000000007, 0.070000000000000007, 0.080000000000000002, 0.10000000000000001, 0.12, 0.13, 0.14999999999999999] 
	ID_B 11.0 [len 10]: [0.050000000000000003, 0.059999999999999998, 0.040000000000000001, 0.029999999999999999, 0.040000000000000001, 0.080000000000000002, 0.10000000000000001, 0.12, 0.13, 0.14999999999999999]


Models 16.0/5.0 
	ID_A 16.0 [len 10]: [0.11, 0.13, 0.12, 0.17000000000000001, 0.23000000000000001, 0.080000000000000002, 0.10000000000000001, 0.12, 0.13, 0.14999999999999999] 
	ID_B 5.0 [len 10]: [0.050000000000000003, 0.059999999999999998, 0.040000000000000001, 0.029999999999999999, 0.040000000000000001, 0.080000000000000002, 0.10000000000000001, 0.12, 0.13, 0.14999999999999999]


Models 16.0/4.0 
	ID_A 16.0 [len 10]: [0.28000000000000003, 0.11, 0.12, 0.31, 0.67000000000000004, 0.080000000000000002, 0.10000000000000001, 0.12, 0.13, 0.14999999999999999] 
	ID_B 4.0 [len 10]: [0.050000000000000003, 0.059999999999999998, 0.040000000000000001, 0.029999999999999999, 0.040000000000000001, 0.080000000000000002, 0.10000000000000001, 0.12, 0.13, 0.14999999999999999]


Models 16.0/9.0 
	ID_A 16.0 [len 10]: [0.059999999999999998, 0.070000000000000007, 0.059999999999999998, 0.070000000000000007, 0.14999999999999999, 0.080000000000000002, 0.10000000000000001, 0.12, 0.13, 0.14999999999999999] 
	ID_B 9.0 [len 10]: [0.050000000000000003, 0.059999999999999998, 0.040000000000000001, 0.029999999999999999, 0.040000000000000001, 0.080000000000000002, 0.10000000000000001, 0.12, 0.13, 0.14999999999999999]


Models 17.0/4.0 
	ID_A 17.0 [len 10]: [0.28000000000000003, 0.11, 0.12, 0.31, 0.67000000000000004, 0.080000000000000002, 0.10000000000000001, 0.12, 0.13, 0.14999999999999999] 
	ID_B 4.0 [len 10]: [0.050000000000000003, 0.040000000000000001, 0.050000000000000003, 0.050000000000000003, 0.059999999999999998, 0.080000000000000002, 0.10000000000000001, 0.12, 0.13, 0.14999999999999999]


Models 17.0/11.0 
	ID_A 17.0 [len 10]: [0.080000000000000002, 0.040000000000000001, 0.040000000000000001, 0.070000000000000007, 0.070000000000000007, 0.080000000000000002, 0.10000000000000001, 0.12, 0.13, 0.14999999999999999] 
	ID_B 11.0 [len 10]: [0.050000000000000003, 0.040000000000000001, 0.050000000000000003, 0.050000000000000003, 0.059999999999999998, 0.080000000000000002, 0.10000000000000001, 0.12, 0.13, 0.14999999999999999]


Models 5.0/9.0 
	ID_A 5.0 [len 10]: [0.059999999999999998, 0.070000000000000007, 0.059999999999999998, 0.070000000000000007, 0.14999999999999999, 0.080000000000000002, 0.10000000000000001, 0.12, 0.13, 0.14999999999999999] 
	ID_B 9.0 [len 10]: [0.11, 0.13, 0.12, 0.17000000000000001, 0.23000000000000001, 0.080000000000000002, 0.10000000000000001, 0.12, 0.13, 0.14999999999999999]


Models 9.0/4.0 
	ID_A 9.0 [len 10]: [0.28000000000000003, 0.11, 0.12, 0.31, 0.67000000000000004, 0.080000000000000002, 0.10000000000000001, 0.12, 0.13, 0.14999999999999999] 
	ID_B 4.0 [len 10]: [0.059999999999999998, 0.070000000000000007, 0.059999999999999998, 0.070000000000000007, 0.14999999999999999, 0.080000000000000002, 0.10000000000000001, 0.12, 0.13, 0.14999999999999999]


Models 11.0/4.0 
	ID_A 11.0 [len 10]: [0.28000000000000003, 0.11, 0.12, 0.31, 0.67000000000000004, 0.080000000000000002, 0.10000000000000001, 0.12, 0.13, 0.14999999999999999] 
	ID_B 4.0 [len 10]: [0.080000000000000002, 0.040000000000000001, 0.040000000000000001, 0.070000000000000007, 0.070000000000000007, 0.080000000000000002, 0.10000000000000001, 0.12, 0.13, 0.14999999999999999]


Models 5.0/11.0 
	ID_A 5.0 [len 10]: [0.080000000000000002, 0.040000000000000001, 0.040000000000000001, 0.070000000000000007, 0.070000000000000007, 0.080000000000000002, 0.10000000000000001, 0.12, 0.13, 0.14999999999999999] 
	ID_B 11.0 [len 10]: [0.11, 0.13, 0.12, 0.17000000000000001, 0.23000000000000001, 0.080000000000000002, 0.10000000000000001, 0.12, 0.13, 0.14999999999999999]
