

Models 1/2 
	ID_A 1 [len 10]: [1.4199999999999999, 0.26000000000000001, 0.40000000000000002, 38.810000000000002, 1.48, 0.080000000000000002, 0.10000000000000001, 0.12, 0.13, 0.14999999999999999] 
	ID_B 2 [len 10]: [0.16, 0.23999999999999999, 0.34000000000000002, 0.16, 14.69, 0.080000000000000002, 0.10000000000000001, 0.12, 0.13, 0.14999999999999999]


Models 0/1 
	ID_A 0 [len 10]: [0.16, 0.23999999999999999, 0.34000000000000002, 0.16, 14.69, 0.080000000000000002, 0.10000000000000001, 0.12, 0.13, 0.14999999999999999] 
	ID_B 1 [len 10]: [0.26000000000000001, 0.14000000000000001, 0.14000000000000001, 26.809999999999999, 1.47, 0.080000000000000002, 0.10000000000000001, 0.12, 0.13, 0.14999999999999999]


Models 0/2 
	ID_A 0 [len 10]: [1.4199999999999999, 0.26000000000000001, 0.40000000000000002, 38.810000000000002, 1.48, 0.080000000000000002, 0.10000000000000001, 0.12, 0.13, 0.14999999999999999] 
	ID_B 2 [len 10]: [0.26000000000000001, 0.14000000000000001, 0.14000000000000001, 26.809999999999999, 1.47, 0.080000000000000002, 0.10000000000000001, 0.12, 0.13, 0.14999999999999999]


Models 3.0/4.0 
	ID_A 3.0 [len 10]: [0.25, 0.10000000000000001, 0.17000000000000001, 0.23999999999999999, 0.10000000000000001, 0.080000000000000002, 0.10000000000000001, 0.12, 0.13, 0.14999999999999999] 
	ID_B 4.0 [len 10]: [0.22, 0.20999999999999999, 0.28000000000000003, 0.11, 0.12, 0.080000000000000002, 0.10000000000000001, 0.12, 0.13, 0.14999999999999999]


Models 6.0/8.0 
	ID_A 6.0 [len 10]: [0.089999999999999997, 0.14000000000000001, 0.080000000000000002, 0.11, 0.10000000000000001, 0.080000000000000002, 0.10000000000000001, 0.12, 0.13, 0.14999999999999999] 
	ID_B 8.0 [len 10]: [0.14000000000000001, 0.14000000000000001, 0.089999999999999997, 0.14000000000000001, 0.070000000000000007, 0.080000000000000002, 0.10000000000000001, 0.12, 0.13, 0.14999999999999999]


Models 6.0/7.0 
	ID_A 6.0 [len 10]: [0.059999999999999998, 0.070000000000000007, 0.089999999999999997, 0.080000000000000002, 0.089999999999999997, 0.080000000000000002, 0.10000000000000001, 0.12, 0.13, 0.14999999999999999] 
	ID_B 7.0 [len 10]: [0.14000000000000001, 0.14000000000000001, 0.089999999999999997, 0.14000000000000001, 0.070000000000000007, 0.080000000000000002, 0.10000000000000001, 0.12, 0.13, 0.14999999999999999]


Models 7.0/8.0 
	ID_A 7.0 [len 10]: [0.089999999999999997, 0.14000000000000001, 0.080000000000000002, 0.11, 0.10000000000000001, 0.080000000000000002, 0.10000000000000001, 0.12, 0.13, 0.14999999999999999] 
	ID_B 8.0 [len 10]: [0.059999999999999998, 0.070000000000000007, 0.089999999999999997, 0.080000000000000002, 0.089999999999999997, 0.080000000000000002, 0.10000000000000001, 0.12, 0.13, 0.14999999999999999]


Models 6.0/7.0 
	ID_A 6.0 [len 10]: [0.059999999999999998, 0.070000000000000007, 0.089999999999999997, 0.080000000000000002, 0.089999999999999997, 0.080000000000000002, 0.10000000000000001, 0.12, 0.13, 0.14999999999999999] 
	ID_B 7.0 [len 10]: [0.14000000000000001, 0.14000000000000001, 0.089999999999999997, 0.14000000000000001, 0.070000000000000007, 0.080000000000000002, 0.10000000000000001, 0.12, 0.13, 0.14999999999999999]


Models 7.0/8.0 
	ID_A 7.0 [len 10]: [0.089999999999999997, 0.14000000000000001, 0.080000000000000002, 0.11, 0.10000000000000001, 0.080000000000000002, 0.10000000000000001, 0.12, 0.13, 0.14999999999999999] 
	ID_B 8.0 [len 10]: [0.059999999999999998, 0.070000000000000007, 0.089999999999999997, 0.080000000000000002, 0.089999999999999997, 0.080000000000000002, 0.10000000000000001, 0.12, 0.13, 0.14999999999999999]


Models 6.0/8.0 
	ID_A 6.0 [len 10]: [0.089999999999999997, 0.14000000000000001, 0.080000000000000002, 0.11, 0.10000000000000001, 0.080000000000000002, 0.10000000000000001, 0.12, 0.13, 0.14999999999999999] 
	ID_B 8.0 [len 10]: [0.14000000000000001, 0.14000000000000001, 0.089999999999999997, 0.14000000000000001, 0.070000000000000007, 0.080000000000000002, 0.10000000000000001, 0.12, 0.13, 0.14999999999999999]


Models 9.0/10.0 
	ID_A 9.0 [len 10]: [0.070000000000000007, 0.059999999999999998, 0.19, 0.059999999999999998, 0.040000000000000001, 0.080000000000000002, 0.10000000000000001, 0.12, 0.13, 0.14999999999999999] 
	ID_B 10.0 [len 10]: [0.10000000000000001, 0.089999999999999997, 0.10000000000000001, 0.059999999999999998, 0.059999999999999998, 0.080000000000000002, 0.10000000000000001, 0.12, 0.13, 0.14999999999999999]


Models 13.0/14.0 
	ID_A 13.0 [len 10]: [0.059999999999999998, 0.10000000000000001, 0.040000000000000001, 0.050000000000000003, 0.059999999999999998, 0.080000000000000002, 0.10000000000000001, 0.12, 0.13, 0.14999999999999999] 
	ID_B 14.0 [len 10]: [0.040000000000000001, 0.040000000000000001, 0.050000000000000003, 0.040000000000000001, 0.050000000000000003, 0.080000000000000002, 0.10000000000000001, 0.12, 0.13, 0.14999999999999999]


Models 12.0/13.0 
	ID_A 12.0 [len 10]: [0.040000000000000001, 0.040000000000000001, 0.050000000000000003, 0.040000000000000001, 0.050000000000000003, 0.080000000000000002, 0.10000000000000001, 0.12, 0.13, 0.14999999999999999] 
	ID_B 13.0 [len 10]: [0.050000000000000003, 0.040000000000000001, 0.050000000000000003, 0.050000000000000003, 0.050000000000000003, 0.080000000000000002, 0.10000000000000001, 0.12, 0.13, 0.14999999999999999]


Models 12.0/14.0 
	ID_A 12.0 [len 10]: [0.059999999999999998, 0.10000000000000001, 0.040000000000000001, 0.050000000000000003, 0.059999999999999998, 0.080000000000000002, 0.10000000000000001, 0.12, 0.13, 0.14999999999999999] 
	ID_B 14.0 [len 10]: [0.050000000000000003, 0.040000000000000001, 0.050000000000000003, 0.050000000000000003, 0.050000000000000003, 0.080000000000000002, 0.10000000000000001, 0.12, 0.13, 0.14999999999999999]


Models 15.0/16.0 
	ID_A 15.0 [len 10]: [0.040000000000000001, 0.029999999999999999, 0.050000000000000003, 0.050000000000000003, 0.080000000000000002, 0.080000000000000002, 0.10000000000000001, 0.12, 0.13, 0.14999999999999999] 
	ID_B 16.0 [len 10]: [0.029999999999999999, 0.040000000000000001, 0.050000000000000003, 0.040000000000000001, 0.050000000000000003, 0.080000000000000002, 0.10000000000000001, 0.12, 0.13, 0.14999999999999999]


Models 11/14 
	ID_A 11 [len 10]: [0.059999999999999998, 0.10000000000000001, 0.040000000000000001, 0.050000000000000003, 0.059999999999999998, 0.080000000000000002, 0.10000000000000001, 0.12, 0.13, 0.14999999999999999] 
	ID_B 14 [len 10]: [0.050000000000000003, 0.070000000000000007, 0.029999999999999999, 0.040000000000000001, 0.040000000000000001, 0.080000000000000002, 0.10000000000000001, 0.12, 0.13, 0.14999999999999999]


Models 4/5 
	ID_A 4 [len 10]: [0.11, 0.20000000000000001, 0.23000000000000001, 0.19, 0.10000000000000001, 0.080000000000000002, 0.10000000000000001, 0.12, 0.13, 0.14999999999999999] 
	ID_B 5 [len 10]: [0.25, 0.10000000000000001, 0.17000000000000001, 0.23999999999999999, 0.10000000000000001, 0.080000000000000002, 0.10000000000000001, 0.12, 0.13, 0.14999999999999999]


Models 1/4 
	ID_A 1 [len 10]: [0.25, 0.10000000000000001, 0.17000000000000001, 0.23999999999999999, 0.10000000000000001, 0.080000000000000002, 0.10000000000000001, 0.12, 0.13, 0.14999999999999999] 
	ID_B 4 [len 10]: [0.16, 0.23999999999999999, 0.34000000000000002, 0.16, 14.69, 0.080000000000000002, 0.10000000000000001, 0.12, 0.13, 0.14999999999999999]


Models 7/10 
	ID_A 7 [len 10]: [0.070000000000000007, 0.059999999999999998, 0.19, 0.059999999999999998, 0.040000000000000001, 0.080000000000000002, 0.10000000000000001, 0.12, 0.13, 0.14999999999999999] 
	ID_B 10 [len 10]: [0.059999999999999998, 0.070000000000000007, 0.089999999999999997, 0.080000000000000002, 0.089999999999999997, 0.080000000000000002, 0.10000000000000001, 0.12, 0.13, 0.14999999999999999]


Models 5/7 
	ID_A 5 [len 10]: [0.059999999999999998, 0.070000000000000007, 0.089999999999999997, 0.080000000000000002, 0.089999999999999997, 0.080000000000000002, 0.10000000000000001, 0.12, 0.13, 0.14999999999999999] 
	ID_B 7 [len 10]: [0.11, 0.20000000000000001, 0.23000000000000001, 0.19, 0.10000000000000001, 0.080000000000000002, 0.10000000000000001, 0.12, 0.13, 0.14999999999999999]


Models 10/11 
	ID_A 10 [len 10]: [0.050000000000000003, 0.070000000000000007, 0.029999999999999999, 0.040000000000000001, 0.040000000000000001, 0.080000000000000002, 0.10000000000000001, 0.12, 0.13, 0.14999999999999999] 
	ID_B 11 [len 10]: [0.070000000000000007, 0.059999999999999998, 0.19, 0.059999999999999998, 0.040000000000000001, 0.080000000000000002, 0.10000000000000001, 0.12, 0.13, 0.14999999999999999]


Models 14/16 
	ID_A 14 [len 10]: [0.040000000000000001, 0.029999999999999999, 0.050000000000000003, 0.050000000000000003, 0.080000000000000002, 0.080000000000000002, 0.10000000000000001, 0.12, 0.13, 0.14999999999999999] 
	ID_B 16 [len 10]: [0.059999999999999998, 0.10000000000000001, 0.040000000000000001, 0.050000000000000003, 0.059999999999999998, 0.080000000000000002, 0.10000000000000001, 0.12, 0.13, 0.14999999999999999]


Models 16/17 
	ID_A 16 [len 10]: [0.050000000000000003, 0.029999999999999999, 0.040000000000000001, 0.029999999999999999, 0.050000000000000003, 0.080000000000000002, 0.10000000000000001, 0.12, 0.13, 0.14999999999999999] 
	ID_B 17 [len 10]: [0.040000000000000001, 0.029999999999999999, 0.050000000000000003, 0.050000000000000003, 0.080000000000000002, 0.080000000000000002, 0.10000000000000001, 0.12, 0.13, 0.14999999999999999]


Models 4.0/14.0 
	ID_A 4.0 [len 10]: [0.059999999999999998, 0.10000000000000001, 0.040000000000000001, 0.050000000000000003, 0.059999999999999998, 0.080000000000000002, 0.10000000000000001, 0.12, 0.13, 0.14999999999999999] 
	ID_B 14.0 [len 10]: [0.25, 0.10000000000000001, 0.17000000000000001, 0.23999999999999999, 0.10000000000000001, 0.080000000000000002, 0.10000000000000001, 0.12, 0.13, 0.14999999999999999]


Models 4.0/17.0 
	ID_A 4.0 [len 10]: [0.050000000000000003, 0.029999999999999999, 0.040000000000000001, 0.029999999999999999, 0.050000000000000003, 0.080000000000000002, 0.10000000000000001, 0.12, 0.13, 0.14999999999999999] 
	ID_B 17.0 [len 10]: [0.25, 0.10000000000000001, 0.17000000000000001, 0.23999999999999999, 0.10000000000000001, 0.080000000000000002, 0.10000000000000001, 0.12, 0.13, 0.14999999999999999]


Models 4.0/16.0 
	ID_A 4.0 [len 10]: [0.040000000000000001, 0.029999999999999999, 0.050000000000000003, 0.050000000000000003, 0.080000000000000002, 0.080000000000000002, 0.10000000000000001, 0.12, 0.13, 0.14999999999999999] 
	ID_B 16.0 [len 10]: [0.25, 0.10000000000000001, 0.17000000000000001, 0.23999999999999999, 0.10000000000000001, 0.080000000000000002, 0.10000000000000001, 0.12, 0.13, 0.14999999999999999]


Models 4.0/7.0 
	ID_A 4.0 [len 10]: [0.059999999999999998, 0.070000000000000007, 0.089999999999999997, 0.080000000000000002, 0.089999999999999997, 0.080000000000000002, 0.10000000000000001, 0.12, 0.13, 0.14999999999999999] 
	ID_B 7.0 [len 10]: [0.25, 0.10000000000000001, 0.17000000000000001, 0.23999999999999999, 0.10000000000000001, 0.080000000000000002, 0.10000000000000001, 0.12, 0.13, 0.14999999999999999]


Models 1.0/17.0 
	ID_A 1.0 [len 10]: [0.050000000000000003, 0.029999999999999999, 0.040000000000000001, 0.029999999999999999, 0.050000000000000003, 0.080000000000000002, 0.10000000000000001, 0.12, 0.13, 0.14999999999999999] 
	ID_B 17.0 [len 10]: [0.16, 0.23999999999999999, 0.34000000000000002, 0.16, 14.69, 0.080000000000000002, 0.10000000000000001, 0.12, 0.13, 0.14999999999999999]


Models 1.0/16.0 
	ID_A 1.0 [len 10]: [0.040000000000000001, 0.029999999999999999, 0.050000000000000003, 0.050000000000000003, 0.080000000000000002, 0.080000000000000002, 0.10000000000000001, 0.12, 0.13, 0.14999999999999999] 
	ID_B 16.0 [len 10]: [0.16, 0.23999999999999999, 0.34000000000000002, 0.16, 14.69, 0.080000000000000002, 0.10000000000000001, 0.12, 0.13, 0.14999999999999999]


Models 1.0/5.0 
	ID_A 1.0 [len 10]: [0.11, 0.20000000000000001, 0.23000000000000001, 0.19, 0.10000000000000001, 0.080000000000000002, 0.10000000000000001, 0.12, 0.13, 0.14999999999999999] 
	ID_B 5.0 [len 10]: [0.16, 0.23999999999999999, 0.34000000000000002, 0.16, 14.69, 0.080000000000000002, 0.10000000000000001, 0.12, 0.13, 0.14999999999999999]


Models 1.0/14.0 
	ID_A 1.0 [len 10]: [0.059999999999999998, 0.10000000000000001, 0.040000000000000001, 0.050000000000000003, 0.059999999999999998, 0.080000000000000002, 0.10000000000000001, 0.12, 0.13, 0.14999999999999999] 
	ID_B 14.0 [len 10]: [0.16, 0.23999999999999999, 0.34000000000000002, 0.16, 14.69, 0.080000000000000002, 0.10000000000000001, 0.12, 0.13, 0.14999999999999999]


Models 4.0/11.0 
	ID_A 4.0 [len 10]: [0.050000000000000003, 0.070000000000000007, 0.029999999999999999, 0.040000000000000001, 0.040000000000000001, 0.080000000000000002, 0.10000000000000001, 0.12, 0.13, 0.14999999999999999] 
	ID_B 11.0 [len 10]: [0.25, 0.10000000000000001, 0.17000000000000001, 0.23999999999999999, 0.10000000000000001, 0.080000000000000002, 0.10000000000000001, 0.12, 0.13, 0.14999999999999999]


Models 4.0/10.0 
	ID_A 4.0 [len 10]: [0.070000000000000007, 0.059999999999999998, 0.19, 0.059999999999999998, 0.040000000000000001, 0.080000000000000002, 0.10000000000000001, 0.12, 0.13, 0.14999999999999999] 
	ID_B 10.0 [len 10]: [0.25, 0.10000000000000001, 0.17000000000000001, 0.23999999999999999, 0.10000000000000001, 0.080000000000000002, 0.10000000000000001, 0.12, 0.13, 0.14999999999999999]


Models 1.0/10.0 
	ID_A 1.0 [len 10]: [0.070000000000000007, 0.059999999999999998, 0.19, 0.059999999999999998, 0.040000000000000001, 0.080000000000000002, 0.10000000000000001, 0.12, 0.13, 0.14999999999999999] 
	ID_B 10.0 [len 10]: [0.16, 0.23999999999999999, 0.34000000000000002, 0.16, 14.69, 0.080000000000000002, 0.10000000000000001, 0.12, 0.13, 0.14999999999999999]


Models 1.0/11.0 
	ID_A 1.0 [len 10]: [0.050000000000000003, 0.070000000000000007, 0.029999999999999999, 0.040000000000000001, 0.040000000000000001, 0.080000000000000002, 0.10000000000000001, 0.12, 0.13, 0.14999999999999999] 
	ID_B 11.0 [len 10]: [0.16, 0.23999999999999999, 0.34000000000000002, 0.16, 14.69, 0.080000000000000002, 0.10000000000000001, 0.12, 0.13, 0.14999999999999999]


Models 1.0/7.0 
	ID_A 1.0 [len 10]: [0.059999999999999998, 0.070000000000000007, 0.089999999999999997, 0.080000000000000002, 0.089999999999999997, 0.080000000000000002, 0.10000000000000001, 0.12, 0.13, 0.14999999999999999] 
	ID_B 7.0 [len 10]: [0.16, 0.23999999999999999, 0.34000000000000002, 0.16, 14.69, 0.080000000000000002, 0.10000000000000001, 0.12, 0.13, 0.14999999999999999]


Models 5.0/14.0 
	ID_A 5.0 [len 10]: [0.059999999999999998, 0.10000000000000001, 0.040000000000000001, 0.050000000000000003, 0.059999999999999998, 0.080000000000000002, 0.10000000000000001, 0.12, 0.13, 0.14999999999999999] 
	ID_B 14.0 [len 10]: [0.11, 0.20000000000000001, 0.23000000000000001, 0.19, 0.10000000000000001, 0.080000000000000002, 0.10000000000000001, 0.12, 0.13, 0.14999999999999999]


Models 14.0/17.0 
	ID_A 14.0 [len 10]: [0.050000000000000003, 0.029999999999999999, 0.040000000000000001, 0.029999999999999999, 0.050000000000000003, 0.080000000000000002, 0.10000000000000001, 0.12, 0.13, 0.14999999999999999] 
	ID_B 17.0 [len 10]: [0.059999999999999998, 0.10000000000000001, 0.040000000000000001, 0.050000000000000003, 0.059999999999999998, 0.080000000000000002, 0.10000000000000001, 0.12, 0.13, 0.14999999999999999]


Models 5.0/10.0 
	ID_A 5.0 [len 10]: [0.070000000000000007, 0.059999999999999998, 0.19, 0.059999999999999998, 0.040000000000000001, 0.080000000000000002, 0.10000000000000001, 0.12, 0.13, 0.14999999999999999] 
	ID_B 10.0 [len 10]: [0.11, 0.20000000000000001, 0.23000000000000001, 0.19, 0.10000000000000001, 0.080000000000000002, 0.10000000000000001, 0.12, 0.13, 0.14999999999999999]


Models 5.0/11.0 
	ID_A 5.0 [len 10]: [0.050000000000000003, 0.070000000000000007, 0.029999999999999999, 0.040000000000000001, 0.040000000000000001, 0.080000000000000002, 0.10000000000000001, 0.12, 0.13, 0.14999999999999999] 
	ID_B 11.0 [len 10]: [0.11, 0.20000000000000001, 0.23000000000000001, 0.19, 0.10000000000000001, 0.080000000000000002, 0.10000000000000001, 0.12, 0.13, 0.14999999999999999]


Models 14.0/7.0 
	ID_A 14.0 [len 10]: [0.059999999999999998, 0.070000000000000007, 0.089999999999999997, 0.080000000000000002, 0.089999999999999997, 0.080000000000000002, 0.10000000000000001, 0.12, 0.13, 0.14999999999999999] 
	ID_B 7.0 [len 10]: [0.059999999999999998, 0.10000000000000001, 0.040000000000000001, 0.050000000000000003, 0.059999999999999998, 0.080000000000000002, 0.10000000000000001, 0.12, 0.13, 0.14999999999999999]


Models 14.0/10.0 
	ID_A 14.0 [len 10]: [0.070000000000000007, 0.059999999999999998, 0.19, 0.059999999999999998, 0.040000000000000001, 0.080000000000000002, 0.10000000000000001, 0.12, 0.13, 0.14999999999999999] 
	ID_B 10.0 [len 10]: [0.059999999999999998, 0.10000000000000001, 0.040000000000000001, 0.050000000000000003, 0.059999999999999998, 0.080000000000000002, 0.10000000000000001, 0.12, 0.13, 0.14999999999999999]


Models 16.0/10.0 
	ID_A 16.0 [len 10]: [0.070000000000000007, 0.059999999999999998, 0.19, 0.059999999999999998, 0.040000000000000001, 0.080000000000000002, 0.10000000000000001, 0.12, 0.13, 0.14999999999999999] 
	ID_B 10.0 [len 10]: [0.040000000000000001, 0.029999999999999999, 0.050000000000000003, 0.050000000000000003, 0.080000000000000002, 0.080000000000000002, 0.10000000000000001, 0.12, 0.13, 0.14999999999999999]


Models 16.0/11.0 
	ID_A 16.0 [len 10]: [0.050000000000000003, 0.070000000000000007, 0.029999999999999999, 0.040000000000000001, 0.040000000000000001, 0.080000000000000002, 0.10000000000000001, 0.12, 0.13, 0.14999999999999999] 
	ID_B 11.0 [len 10]: [0.040000000000000001, 0.029999999999999999, 0.050000000000000003, 0.050000000000000003, 0.080000000000000002, 0.080000000000000002, 0.10000000000000001, 0.12, 0.13, 0.14999999999999999]


Models 16.0/7.0 
	ID_A 16.0 [len 10]: [0.059999999999999998, 0.070000000000000007, 0.089999999999999997, 0.080000000000000002, 0.089999999999999997, 0.080000000000000002, 0.10000000000000001, 0.12, 0.13, 0.14999999999999999] 
	ID_B 7.0 [len 10]: [0.040000000000000001, 0.029999999999999999, 0.050000000000000003, 0.050000000000000003, 0.080000000000000002, 0.080000000000000002, 0.10000000000000001, 0.12, 0.13, 0.14999999999999999]


Models 5.0/16.0 
	ID_A 5.0 [len 10]: [0.040000000000000001, 0.029999999999999999, 0.050000000000000003, 0.050000000000000003, 0.080000000000000002, 0.080000000000000002, 0.10000000000000001, 0.12, 0.13, 0.14999999999999999] 
	ID_B 16.0 [len 10]: [0.11, 0.20000000000000001, 0.23000000000000001, 0.19, 0.10000000000000001, 0.080000000000000002, 0.10000000000000001, 0.12, 0.13, 0.14999999999999999]


Models 5.0/17.0 
	ID_A 5.0 [len 10]: [0.050000000000000003, 0.029999999999999999, 0.040000000000000001, 0.029999999999999999, 0.050000000000000003, 0.080000000000000002, 0.10000000000000001, 0.12, 0.13, 0.14999999999999999] 
	ID_B 17.0 [len 10]: [0.11, 0.20000000000000001, 0.23000000000000001, 0.19, 0.10000000000000001, 0.080000000000000002, 0.10000000000000001, 0.12, 0.13, 0.14999999999999999]


Models 17.0/11.0 
	ID_A 17.0 [len 10]: [0.050000000000000003, 0.070000000000000007, 0.029999999999999999, 0.040000000000000001, 0.040000000000000001, 0.080000000000000002, 0.10000000000000001, 0.12, 0.13, 0.14999999999999999] 
	ID_B 11.0 [len 10]: [0.050000000000000003, 0.029999999999999999, 0.040000000000000001, 0.029999999999999999, 0.050000000000000003, 0.080000000000000002, 0.10000000000000001, 0.12, 0.13, 0.14999999999999999]


Models 17.0/10.0 
	ID_A 17.0 [len 10]: [0.070000000000000007, 0.059999999999999998, 0.19, 0.059999999999999998, 0.040000000000000001, 0.080000000000000002, 0.10000000000000001, 0.12, 0.13, 0.14999999999999999] 
	ID_B 10.0 [len 10]: [0.050000000000000003, 0.029999999999999999, 0.040000000000000001, 0.029999999999999999, 0.050000000000000003, 0.080000000000000002, 0.10000000000000001, 0.12, 0.13, 0.14999999999999999]


Models 17.0/7.0 
	ID_A 17.0 [len 10]: [0.059999999999999998, 0.070000000000000007, 0.089999999999999997, 0.080000000000000002, 0.089999999999999997, 0.080000000000000002, 0.10000000000000001, 0.12, 0.13, 0.14999999999999999] 
	ID_B 7.0 [len 10]: [0.050000000000000003, 0.029999999999999999, 0.040000000000000001, 0.029999999999999999, 0.050000000000000003, 0.080000000000000002, 0.10000000000000001, 0.12, 0.13, 0.14999999999999999]


Models 7.0/11.0 
	ID_A 7.0 [len 10]: [0.050000000000000003, 0.070000000000000007, 0.029999999999999999, 0.040000000000000001, 0.040000000000000001, 0.080000000000000002, 0.10000000000000001, 0.12, 0.13, 0.14999999999999999] 
	ID_B 11.0 [len 10]: [0.059999999999999998, 0.070000000000000007, 0.089999999999999997, 0.080000000000000002, 0.089999999999999997, 0.080000000000000002, 0.10000000000000001, 0.12, 0.13, 0.14999999999999999]


Models 14.0/7.0 
	ID_A 14.0 [len 10]: [0.059999999999999998, 0.070000000000000007, 0.089999999999999997, 0.080000000000000002, 0.089999999999999997, 0.080000000000000002, 0.10000000000000001, 0.12, 0.13, 0.14999999999999999] 
	ID_B 7.0 [len 10]: [0.059999999999999998, 0.10000000000000001, 0.040000000000000001, 0.050000000000000003, 0.059999999999999998, 0.080000000000000002, 0.10000000000000001, 0.12, 0.13, 0.14999999999999999]
