

Models 0/1 
	ID_A 0 [len 10]: [0.20999999999999999, 0.68999999999999995, 6.8099999999999996, 0.56999999999999995, 0.56999999999999995, 0.080000000000000002, 0.10000000000000001, 0.12, 0.13, 0.14999999999999999] 
	ID_B 1 [len 10]: [0.40000000000000002, 0.68999999999999995, 1.79, 0.28999999999999998, 0.62, 0.080000000000000002, 0.10000000000000001, 0.12, 0.13, 0.14999999999999999]


Models 1/2 
	ID_A 1 [len 10]: [0.48999999999999999, 0.52000000000000002, 0.41999999999999998, 0.17999999999999999, 4.4699999999999998, 0.080000000000000002, 0.10000000000000001, 0.12, 0.13, 0.14999999999999999] 
	ID_B 2 [len 10]: [0.20999999999999999, 0.68999999999999995, 6.8099999999999996, 0.56999999999999995, 0.56999999999999995, 0.080000000000000002, 0.10000000000000001, 0.12, 0.13, 0.14999999999999999]


Models 0/2 
	ID_A 0 [len 10]: [0.48999999999999999, 0.52000000000000002, 0.41999999999999998, 0.17999999999999999, 4.4699999999999998, 0.080000000000000002, 0.10000000000000001, 0.12, 0.13, 0.14999999999999999] 
	ID_B 2 [len 10]: [0.40000000000000002, 0.68999999999999995, 1.79, 0.28999999999999998, 0.62, 0.080000000000000002, 0.10000000000000001, 0.12, 0.13, 0.14999999999999999]


Models 3.0/4.0 
	ID_A 3.0 [len 10]: [0.45000000000000001, 0.17999999999999999, 0.080000000000000002, 0.14999999999999999, 0.080000000000000002, 0.080000000000000002, 0.10000000000000001, 0.12, 0.13, 0.14999999999999999] 
	ID_B 4.0 [len 10]: [0.68000000000000005, 0.17000000000000001, 0.13, 0.25, 0.20999999999999999, 0.080000000000000002, 0.10000000000000001, 0.12, 0.13, 0.14999999999999999]


Models 7.0/8.0 
	ID_A 7.0 [len 10]: [0.17000000000000001, 0.080000000000000002, 0.10000000000000001, 0.11, 0.23000000000000001, 0.080000000000000002, 0.10000000000000001, 0.12, 0.13, 0.14999999999999999] 
	ID_B 8.0 [len 10]: [0.10000000000000001, 0.14999999999999999, 0.059999999999999998, 0.10000000000000001, 0.14000000000000001, 0.080000000000000002, 0.10000000000000001, 0.12, 0.13, 0.14999999999999999]


Models 6.0/8.0 
	ID_A 6.0 [len 10]: [0.17000000000000001, 0.080000000000000002, 0.10000000000000001, 0.11, 0.23000000000000001, 0.080000000000000002, 0.10000000000000001, 0.12, 0.13, 0.14999999999999999] 
	ID_B 8.0 [len 10]: [0.11, 0.080000000000000002, 0.050000000000000003, 0.080000000000000002, 1.47, 0.080000000000000002, 0.10000000000000001, 0.12, 0.13, 0.14999999999999999]


Models 6.0/7.0 
	ID_A 6.0 [len 10]: [0.10000000000000001, 0.14999999999999999, 0.059999999999999998, 0.10000000000000001, 0.14000000000000001, 0.080000000000000002, 0.10000000000000001, 0.12, 0.13, 0.14999999999999999] 
	ID_B 7.0 [len 10]: [0.11, 0.080000000000000002, 0.050000000000000003, 0.080000000000000002, 1.47, 0.080000000000000002, 0.10000000000000001, 0.12, 0.13, 0.14999999999999999]


Models 7.0/8.0 
	ID_A 7.0 [len 10]: [0.17000000000000001, 0.080000000000000002, 0.10000000000000001, 0.11, 0.23000000000000001, 0.080000000000000002, 0.10000000000000001, 0.12, 0.13, 0.14999999999999999] 
	ID_B 8.0 [len 10]: [0.10000000000000001, 0.14999999999999999, 0.059999999999999998, 0.10000000000000001, 0.14000000000000001, 0.080000000000000002, 0.10000000000000001, 0.12, 0.13, 0.14999999999999999]


Models 6.0/7.0 
	ID_A 6.0 [len 10]: [0.10000000000000001, 0.14999999999999999, 0.059999999999999998, 0.10000000000000001, 0.14000000000000001, 0.080000000000000002, 0.10000000000000001, 0.12, 0.13, 0.14999999999999999] 
	ID_B 7.0 [len 10]: [0.11, 0.080000000000000002, 0.050000000000000003, 0.080000000000000002, 1.47, 0.080000000000000002, 0.10000000000000001, 0.12, 0.13, 0.14999999999999999]


Models 6.0/8.0 
	ID_A 6.0 [len 10]: [0.17000000000000001, 0.080000000000000002, 0.10000000000000001, 0.11, 0.23000000000000001, 0.080000000000000002, 0.10000000000000001, 0.12, 0.13, 0.14999999999999999] 
	ID_B 8.0 [len 10]: [0.11, 0.080000000000000002, 0.050000000000000003, 0.080000000000000002, 1.47, 0.080000000000000002, 0.10000000000000001, 0.12, 0.13, 0.14999999999999999]


Models 9.0/10.0 
	ID_A 9.0 [len 10]: [0.059999999999999998, 0.10000000000000001, 0.11, 0.080000000000000002, 0.10000000000000001, 0.080000000000000002, 0.10000000000000001, 0.12, 0.13, 0.14999999999999999] 
	ID_B 10.0 [len 10]: [0.059999999999999998, 0.070000000000000007, 0.070000000000000007, 0.070000000000000007, 0.080000000000000002, 0.080000000000000002, 0.10000000000000001, 0.12, 0.13, 0.14999999999999999]


Models 12.0/13.0 
	ID_A 12.0 [len 10]: [0.070000000000000007, 0.10000000000000001, 0.070000000000000007, 0.040000000000000001, 0.040000000000000001, 0.080000000000000002, 0.10000000000000001, 0.12, 0.13, 0.14999999999999999] 
	ID_B 13.0 [len 10]: [0.050000000000000003, 0.040000000000000001, 0.059999999999999998, 0.029999999999999999, 0.059999999999999998, 0.080000000000000002, 0.10000000000000001, 0.12, 0.13, 0.14999999999999999]


Models 13.0/14.0 
	ID_A 13.0 [len 10]: [0.040000000000000001, 0.040000000000000001, 0.070000000000000007, 0.029999999999999999, 0.040000000000000001, 0.080000000000000002, 0.10000000000000001, 0.12, 0.13, 0.14999999999999999] 
	ID_B 14.0 [len 10]: [0.070000000000000007, 0.10000000000000001, 0.070000000000000007, 0.040000000000000001, 0.040000000000000001, 0.080000000000000002, 0.10000000000000001, 0.12, 0.13, 0.14999999999999999]


Models 12.0/14.0 
	ID_A 12.0 [len 10]: [0.040000000000000001, 0.040000000000000001, 0.070000000000000007, 0.029999999999999999, 0.040000000000000001, 0.080000000000000002, 0.10000000000000001, 0.12, 0.13, 0.14999999999999999] 
	ID_B 14.0 [len 10]: [0.050000000000000003, 0.040000000000000001, 0.059999999999999998, 0.029999999999999999, 0.059999999999999998, 0.080000000000000002, 0.10000000000000001, 0.12, 0.13, 0.14999999999999999]


Models 15.0/16.0 
	ID_A 15.0 [len 10]: [0.059999999999999998, 0.040000000000000001, 0.040000000000000001, 0.040000000000000001, 0.040000000000000001, 0.080000000000000002, 0.10000000000000001, 0.12, 0.13, 0.14999999999999999] 
	ID_B 16.0 [len 10]: [0.040000000000000001, 0.040000000000000001, 0.059999999999999998, 0.050000000000000003, 0.040000000000000001, 0.080000000000000002, 0.10000000000000001, 0.12, 0.13, 0.14999999999999999]


Models 0/4 
	ID_A 0 [len 10]: [0.45000000000000001, 0.17999999999999999, 0.080000000000000002, 0.14999999999999999, 0.080000000000000002, 0.080000000000000002, 0.10000000000000001, 0.12, 0.13, 0.14999999999999999] 
	ID_B 4 [len 10]: [0.40000000000000002, 0.68999999999999995, 1.79, 0.28999999999999998, 0.62, 0.080000000000000002, 0.10000000000000001, 0.12, 0.13, 0.14999999999999999]


Models 11/12 
	ID_A 11 [len 10]: [0.050000000000000003, 0.040000000000000001, 0.059999999999999998, 0.029999999999999999, 0.059999999999999998, 0.080000000000000002, 0.10000000000000001, 0.12, 0.13, 0.14999999999999999] 
	ID_B 12 [len 10]: [0.050000000000000003, 0.040000000000000001, 0.12, 0.11, 0.059999999999999998, 0.080000000000000002, 0.10000000000000001, 0.12, 0.13, 0.14999999999999999]


Models 4/5 
	ID_A 4 [len 10]: [0.20999999999999999, 0.14999999999999999, 0.080000000000000002, 0.20999999999999999, 0.14999999999999999, 0.080000000000000002, 0.10000000000000001, 0.12, 0.13, 0.14999999999999999] 
	ID_B 5 [len 10]: [0.45000000000000001, 0.17999999999999999, 0.080000000000000002, 0.14999999999999999, 0.080000000000000002, 0.080000000000000002, 0.10000000000000001, 0.12, 0.13, 0.14999999999999999]


Models 10/11 
	ID_A 10 [len 10]: [0.050000000000000003, 0.040000000000000001, 0.12, 0.11, 0.059999999999999998, 0.080000000000000002, 0.10000000000000001, 0.12, 0.13, 0.14999999999999999] 
	ID_B 11 [len 10]: [0.059999999999999998, 0.10000000000000001, 0.11, 0.080000000000000002, 0.10000000000000001, 0.080000000000000002, 0.10000000000000001, 0.12, 0.13, 0.14999999999999999]


Models 5/8 
	ID_A 5 [len 10]: [0.17000000000000001, 0.080000000000000002, 0.10000000000000001, 0.11, 0.23000000000000001, 0.080000000000000002, 0.10000000000000001, 0.12, 0.13, 0.14999999999999999] 
	ID_B 8 [len 10]: [0.20999999999999999, 0.14999999999999999, 0.080000000000000002, 0.20999999999999999, 0.14999999999999999, 0.080000000000000002, 0.10000000000000001, 0.12, 0.13, 0.14999999999999999]


Models 8/10 
	ID_A 8 [len 10]: [0.059999999999999998, 0.10000000000000001, 0.11, 0.080000000000000002, 0.10000000000000001, 0.080000000000000002, 0.10000000000000001, 0.12, 0.13, 0.14999999999999999] 
	ID_B 10 [len 10]: [0.17000000000000001, 0.080000000000000002, 0.10000000000000001, 0.11, 0.23000000000000001, 0.080000000000000002, 0.10000000000000001, 0.12, 0.13, 0.14999999999999999]


Models 15/17 
	ID_A 15 [len 10]: [0.040000000000000001, 0.029999999999999999, 0.029999999999999999, 0.029999999999999999, 0.029999999999999999, 0.080000000000000002, 0.10000000000000001, 0.12, 0.13, 0.14999999999999999] 
	ID_B 17 [len 10]: [0.040000000000000001, 0.040000000000000001, 0.059999999999999998, 0.050000000000000003, 0.040000000000000001, 0.080000000000000002, 0.10000000000000001, 0.12, 0.13, 0.14999999999999999]


Models 12/15 
	ID_A 12 [len 10]: [0.040000000000000001, 0.040000000000000001, 0.059999999999999998, 0.050000000000000003, 0.040000000000000001, 0.080000000000000002, 0.10000000000000001, 0.12, 0.13, 0.14999999999999999] 
	ID_B 15 [len 10]: [0.050000000000000003, 0.040000000000000001, 0.059999999999999998, 0.029999999999999999, 0.059999999999999998, 0.080000000000000002, 0.10000000000000001, 0.12, 0.13, 0.14999999999999999]


Models 5.0/11.0 
	ID_A 5.0 [len 10]: [0.050000000000000003, 0.040000000000000001, 0.12, 0.11, 0.059999999999999998, 0.080000000000000002, 0.10000000000000001, 0.12, 0.13, 0.14999999999999999] 
	ID_B 11.0 [len 10]: [0.20999999999999999, 0.14999999999999999, 0.080000000000000002, 0.20999999999999999, 0.14999999999999999, 0.080000000000000002, 0.10000000000000001, 0.12, 0.13, 0.14999999999999999]


Models 5.0/15.0 
	ID_A 5.0 [len 10]: [0.040000000000000001, 0.040000000000000001, 0.059999999999999998, 0.050000000000000003, 0.040000000000000001, 0.080000000000000002, 0.10000000000000001, 0.12, 0.13, 0.14999999999999999] 
	ID_B 15.0 [len 10]: [0.20999999999999999, 0.14999999999999999, 0.080000000000000002, 0.20999999999999999, 0.14999999999999999, 0.080000000000000002, 0.10000000000000001, 0.12, 0.13, 0.14999999999999999]


Models 5.0/12.0 
	ID_A 5.0 [len 10]: [0.050000000000000003, 0.040000000000000001, 0.059999999999999998, 0.029999999999999999, 0.059999999999999998, 0.080000000000000002, 0.10000000000000001, 0.12, 0.13, 0.14999999999999999] 
	ID_B 12.0 [len 10]: [0.20999999999999999, 0.14999999999999999, 0.080000000000000002, 0.20999999999999999, 0.14999999999999999, 0.080000000000000002, 0.10000000000000001, 0.12, 0.13, 0.14999999999999999]


Models 5.0/10.0 
	ID_A 5.0 [len 10]: [0.059999999999999998, 0.10000000000000001, 0.11, 0.080000000000000002, 0.10000000000000001, 0.080000000000000002, 0.10000000000000001, 0.12, 0.13, 0.14999999999999999] 
	ID_B 10.0 [len 10]: [0.20999999999999999, 0.14999999999999999, 0.080000000000000002, 0.20999999999999999, 0.14999999999999999, 0.080000000000000002, 0.10000000000000001, 0.12, 0.13, 0.14999999999999999]


Models 5.0/0.0 
	ID_A 5.0 [len 10]: [0.40000000000000002, 0.68999999999999995, 1.79, 0.28999999999999998, 0.62, 0.080000000000000002, 0.10000000000000001, 0.12, 0.13, 0.14999999999999999] 
	ID_B 0.0 [len 10]: [0.20999999999999999, 0.14999999999999999, 0.080000000000000002, 0.20999999999999999, 0.14999999999999999, 0.080000000000000002, 0.10000000000000001, 0.12, 0.13, 0.14999999999999999]


Models 5.0/17.0 
	ID_A 5.0 [len 10]: [0.040000000000000001, 0.029999999999999999, 0.029999999999999999, 0.029999999999999999, 0.029999999999999999, 0.080000000000000002, 0.10000000000000001, 0.12, 0.13, 0.14999999999999999] 
	ID_B 17.0 [len 10]: [0.20999999999999999, 0.14999999999999999, 0.080000000000000002, 0.20999999999999999, 0.14999999999999999, 0.080000000000000002, 0.10000000000000001, 0.12, 0.13, 0.14999999999999999]


Models 15.0/8.0 
	ID_A 15.0 [len 10]: [0.17000000000000001, 0.080000000000000002, 0.10000000000000001, 0.11, 0.23000000000000001, 0.080000000000000002, 0.10000000000000001, 0.12, 0.13, 0.14999999999999999] 
	ID_B 8.0 [len 10]: [0.040000000000000001, 0.040000000000000001, 0.059999999999999998, 0.050000000000000003, 0.040000000000000001, 0.080000000000000002, 0.10000000000000001, 0.12, 0.13, 0.14999999999999999]


Models 15.0/0.0 
	ID_A 15.0 [len 10]: [0.40000000000000002, 0.68999999999999995, 1.79, 0.28999999999999998, 0.62, 0.080000000000000002, 0.10000000000000001, 0.12, 0.13, 0.14999999999999999] 
	ID_B 0.0 [len 10]: [0.040000000000000001, 0.040000000000000001, 0.059999999999999998, 0.050000000000000003, 0.040000000000000001, 0.080000000000000002, 0.10000000000000001, 0.12, 0.13, 0.14999999999999999]


Models 15.0/11.0 
	ID_A 15.0 [len 10]: [0.050000000000000003, 0.040000000000000001, 0.12, 0.11, 0.059999999999999998, 0.080000000000000002, 0.10000000000000001, 0.12, 0.13, 0.14999999999999999] 
	ID_B 11.0 [len 10]: [0.040000000000000001, 0.040000000000000001, 0.059999999999999998, 0.050000000000000003, 0.040000000000000001, 0.080000000000000002, 0.10000000000000001, 0.12, 0.13, 0.14999999999999999]


Models 15.0/10.0 
	ID_A 15.0 [len 10]: [0.059999999999999998, 0.10000000000000001, 0.11, 0.080000000000000002, 0.10000000000000001, 0.080000000000000002, 0.10000000000000001, 0.12, 0.13, 0.14999999999999999] 
	ID_B 10.0 [len 10]: [0.040000000000000001, 0.040000000000000001, 0.059999999999999998, 0.050000000000000003, 0.040000000000000001, 0.080000000000000002, 0.10000000000000001, 0.12, 0.13, 0.14999999999999999]


Models 15.0/4.0 
	ID_A 15.0 [len 10]: [0.45000000000000001, 0.17999999999999999, 0.080000000000000002, 0.14999999999999999, 0.080000000000000002, 0.080000000000000002, 0.10000000000000001, 0.12, 0.13, 0.14999999999999999] 
	ID_B 4.0 [len 10]: [0.040000000000000001, 0.040000000000000001, 0.059999999999999998, 0.050000000000000003, 0.040000000000000001, 0.080000000000000002, 0.10000000000000001, 0.12, 0.13, 0.14999999999999999]


Models 8.0/0.0 
	ID_A 8.0 [len 10]: [0.40000000000000002, 0.68999999999999995, 1.79, 0.28999999999999998, 0.62, 0.080000000000000002, 0.10000000000000001, 0.12, 0.13, 0.14999999999999999] 
	ID_B 0.0 [len 10]: [0.17000000000000001, 0.080000000000000002, 0.10000000000000001, 0.11, 0.23000000000000001, 0.080000000000000002, 0.10000000000000001, 0.12, 0.13, 0.14999999999999999]


Models 8.0/4.0 
	ID_A 8.0 [len 10]: [0.45000000000000001, 0.17999999999999999, 0.080000000000000002, 0.14999999999999999, 0.080000000000000002, 0.080000000000000002, 0.10000000000000001, 0.12, 0.13, 0.14999999999999999] 
	ID_B 4.0 [len 10]: [0.17000000000000001, 0.080000000000000002, 0.10000000000000001, 0.11, 0.23000000000000001, 0.080000000000000002, 0.10000000000000001, 0.12, 0.13, 0.14999999999999999]


Models 8.0/12.0 
	ID_A 8.0 [len 10]: [0.050000000000000003, 0.040000000000000001, 0.059999999999999998, 0.029999999999999999, 0.059999999999999998, 0.080000000000000002, 0.10000000000000001, 0.12, 0.13, 0.14999999999999999] 
	ID_B 12.0 [len 10]: [0.17000000000000001, 0.080000000000000002, 0.10000000000000001, 0.11, 0.23000000000000001, 0.080000000000000002, 0.10000000000000001, 0.12, 0.13, 0.14999999999999999]


Models 8.0/11.0 
	ID_A 8.0 [len 10]: [0.050000000000000003, 0.040000000000000001, 0.12, 0.11, 0.059999999999999998, 0.080000000000000002, 0.10000000000000001, 0.12, 0.13, 0.14999999999999999] 
	ID_B 11.0 [len 10]: [0.17000000000000001, 0.080000000000000002, 0.10000000000000001, 0.11, 0.23000000000000001, 0.080000000000000002, 0.10000000000000001, 0.12, 0.13, 0.14999999999999999]


Models 0.0/10.0 
	ID_A 0.0 [len 10]: [0.059999999999999998, 0.10000000000000001, 0.11, 0.080000000000000002, 0.10000000000000001, 0.080000000000000002, 0.10000000000000001, 0.12, 0.13, 0.14999999999999999] 
	ID_B 10.0 [len 10]: [0.40000000000000002, 0.68999999999999995, 1.79, 0.28999999999999998, 0.62, 0.080000000000000002, 0.10000000000000001, 0.12, 0.13, 0.14999999999999999]


Models 8.0/17.0 
	ID_A 8.0 [len 10]: [0.040000000000000001, 0.029999999999999999, 0.029999999999999999, 0.029999999999999999, 0.029999999999999999, 0.080000000000000002, 0.10000000000000001, 0.12, 0.13, 0.14999999999999999] 
	ID_B 17.0 [len 10]: [0.17000000000000001, 0.080000000000000002, 0.10000000000000001, 0.11, 0.23000000000000001, 0.080000000000000002, 0.10000000000000001, 0.12, 0.13, 0.14999999999999999]


Models 0.0/12.0 
	ID_A 0.0 [len 10]: [0.050000000000000003, 0.040000000000000001, 0.059999999999999998, 0.029999999999999999, 0.059999999999999998, 0.080000000000000002, 0.10000000000000001, 0.12, 0.13, 0.14999999999999999] 
	ID_B 12.0 [len 10]: [0.40000000000000002, 0.68999999999999995, 1.79, 0.28999999999999998, 0.62, 0.080000000000000002, 0.10000000000000001, 0.12, 0.13, 0.14999999999999999]


Models 0.0/17.0 
	ID_A 0.0 [len 10]: [0.040000000000000001, 0.029999999999999999, 0.029999999999999999, 0.029999999999999999, 0.029999999999999999, 0.080000000000000002, 0.10000000000000001, 0.12, 0.13, 0.14999999999999999] 
	ID_B 17.0 [len 10]: [0.40000000000000002, 0.68999999999999995, 1.79, 0.28999999999999998, 0.62, 0.080000000000000002, 0.10000000000000001, 0.12, 0.13, 0.14999999999999999]


Models 0.0/11.0 
	ID_A 0.0 [len 10]: [0.050000000000000003, 0.040000000000000001, 0.12, 0.11, 0.059999999999999998, 0.080000000000000002, 0.10000000000000001, 0.12, 0.13, 0.14999999999999999] 
	ID_B 11.0 [len 10]: [0.40000000000000002, 0.68999999999999995, 1.79, 0.28999999999999998, 0.62, 0.080000000000000002, 0.10000000000000001, 0.12, 0.13, 0.14999999999999999]


Models 4.0/10.0 
	ID_A 4.0 [len 10]: [0.059999999999999998, 0.10000000000000001, 0.11, 0.080000000000000002, 0.10000000000000001, 0.080000000000000002, 0.10000000000000001, 0.12, 0.13, 0.14999999999999999] 
	ID_B 10.0 [len 10]: [0.45000000000000001, 0.17999999999999999, 0.080000000000000002, 0.14999999999999999, 0.080000000000000002, 0.080000000000000002, 0.10000000000000001, 0.12, 0.13, 0.14999999999999999]


Models 4.0/17.0 
	ID_A 4.0 [len 10]: [0.040000000000000001, 0.029999999999999999, 0.029999999999999999, 0.029999999999999999, 0.029999999999999999, 0.080000000000000002, 0.10000000000000001, 0.12, 0.13, 0.14999999999999999] 
	ID_B 17.0 [len 10]: [0.45000000000000001, 0.17999999999999999, 0.080000000000000002, 0.14999999999999999, 0.080000000000000002, 0.080000000000000002, 0.10000000000000001, 0.12, 0.13, 0.14999999999999999]


Models 4.0/12.0 
	ID_A 4.0 [len 10]: [0.050000000000000003, 0.040000000000000001, 0.059999999999999998, 0.029999999999999999, 0.059999999999999998, 0.080000000000000002, 0.10000000000000001, 0.12, 0.13, 0.14999999999999999] 
	ID_B 12.0 [len 10]: [0.45000000000000001, 0.17999999999999999, 0.080000000000000002, 0.14999999999999999, 0.080000000000000002, 0.080000000000000002, 0.10000000000000001, 0.12, 0.13, 0.14999999999999999]


Models 4.0/11.0 
	ID_A 4.0 [len 10]: [0.050000000000000003, 0.040000000000000001, 0.12, 0.11, 0.059999999999999998, 0.080000000000000002, 0.10000000000000001, 0.12, 0.13, 0.14999999999999999] 
	ID_B 11.0 [len 10]: [0.45000000000000001, 0.17999999999999999, 0.080000000000000002, 0.14999999999999999, 0.080000000000000002, 0.080000000000000002, 0.10000000000000001, 0.12, 0.13, 0.14999999999999999]


Models 10.0/12.0 
	ID_A 10.0 [len 10]: [0.050000000000000003, 0.040000000000000001, 0.059999999999999998, 0.029999999999999999, 0.059999999999999998, 0.080000000000000002, 0.10000000000000001, 0.12, 0.13, 0.14999999999999999] 
	ID_B 12.0 [len 10]: [0.059999999999999998, 0.10000000000000001, 0.11, 0.080000000000000002, 0.10000000000000001, 0.080000000000000002, 0.10000000000000001, 0.12, 0.13, 0.14999999999999999]


Models 10.0/17.0 
	ID_A 10.0 [len 10]: [0.040000000000000001, 0.029999999999999999, 0.029999999999999999, 0.029999999999999999, 0.029999999999999999, 0.080000000000000002, 0.10000000000000001, 0.12, 0.13, 0.14999999999999999] 
	ID_B 17.0 [len 10]: [0.059999999999999998, 0.10000000000000001, 0.11, 0.080000000000000002, 0.10000000000000001, 0.080000000000000002, 0.10000000000000001, 0.12, 0.13, 0.14999999999999999]


Models 12.0/17.0 
	ID_A 12.0 [len 10]: [0.040000000000000001, 0.029999999999999999, 0.029999999999999999, 0.029999999999999999, 0.029999999999999999, 0.080000000000000002, 0.10000000000000001, 0.12, 0.13, 0.14999999999999999] 
	ID_B 17.0 [len 10]: [0.050000000000000003, 0.040000000000000001, 0.059999999999999998, 0.029999999999999999, 0.059999999999999998, 0.080000000000000002, 0.10000000000000001, 0.12, 0.13, 0.14999999999999999]


Models 17.0/11.0 
	ID_A 17.0 [len 10]: [0.050000000000000003, 0.040000000000000001, 0.12, 0.11, 0.059999999999999998, 0.080000000000000002, 0.10000000000000001, 0.12, 0.13, 0.14999999999999999] 
	ID_B 11.0 [len 10]: [0.040000000000000001, 0.029999999999999999, 0.029999999999999999, 0.029999999999999999, 0.029999999999999999, 0.080000000000000002, 0.10000000000000001, 0.12, 0.13, 0.14999999999999999]
