
7510470
7510472
7510471
7510473
7510474
7510475
7510476
7510477
7510478
7510479
7510480
7510481
7510482
7510483
7510484
7510485
7510486
7510488
7510487
7510489
7510490
7510491
7510492
7510494
7510493
7510495
7510496
7510497
7510498
7510500
7510501
7510499
7510502
7510503
7510504
7510505
7510506
7510507
7510508
7510509
7510510
7510511
7510512
7510513
7510514
7510516
7510515
7510517
7510518
7510519
7510520
7510521
7510522


7510525
7510526
7510527
7510529
7510528
7510530
7510531
7510532
7510533
7510534


7510537
7510538
7510539
7510541
7510540
7510542
7510543
7510544
7510545
7510546

7510547



7510552
7510553
7510555
7510556
7510557
7510558
7510559
7510560
7510561
7510563
7510562
7510564
7510565
7510567
7510566
7510568
7510569
7510570
