

Models 0/1 
	ID_A 0 [len 10]: [0.42999999999999999, 3.96, 0.059999999999999998, 1.26, 0.41999999999999998, 0.050000000000000003, 0.059999999999999998, 0.070000000000000007, 0.080000000000000002, 0.089999999999999997] 
	ID_B 1 [len 10]: [2.8599999999999999, 4.04, 0.90000000000000002, 0.25, 0.22, 0.050000000000000003, 0.059999999999999998, 0.070000000000000007, 0.080000000000000002, 0.089999999999999997]


Models 0/2 
	ID_A 0 [len 10]: [0.22, 0.41999999999999998, 0.27000000000000002, 0.39000000000000001, 1.7, 0.050000000000000003, 0.059999999999999998, 0.070000000000000007, 0.080000000000000002, 0.089999999999999997] 
	ID_B 2 [len 10]: [2.8599999999999999, 4.04, 0.90000000000000002, 0.25, 0.22, 0.050000000000000003, 0.059999999999999998, 0.070000000000000007, 0.080000000000000002, 0.089999999999999997]


Models 1/2 
	ID_A 1 [len 10]: [0.22, 0.41999999999999998, 0.27000000000000002, 0.39000000000000001, 1.7, 0.050000000000000003, 0.059999999999999998, 0.070000000000000007, 0.080000000000000002, 0.089999999999999997] 
	ID_B 2 [len 10]: [0.42999999999999999, 3.96, 0.059999999999999998, 1.26, 0.41999999999999998, 0.050000000000000003, 0.059999999999999998, 0.070000000000000007, 0.080000000000000002, 0.089999999999999997]


Models 3.0/4.0 
	ID_A 3.0 [len 10]: [0.45000000000000001, 1.1000000000000001, 0.19, 0.56000000000000005, 0.14999999999999999, 0.050000000000000003, 0.059999999999999998, 0.070000000000000007, 0.080000000000000002, 0.089999999999999997] 
	ID_B 4.0 [len 10]: [0.16, 0.34999999999999998, 0.23999999999999999, 1.79, 0.13, 0.050000000000000003, 0.059999999999999998, 0.070000000000000007, 0.080000000000000002, 0.089999999999999997]


Models 6.0/8.0 
	ID_A 6.0 [len 10]: [0.13, 0.19, 0.12, 0.13, 0.16, 0.050000000000000003, 0.059999999999999998, 0.070000000000000007, 0.080000000000000002, 0.089999999999999997] 
	ID_B 8.0 [len 10]: [0.20000000000000001, 0.12, 0.14000000000000001, 0.29999999999999999, 1.1100000000000001, 0.050000000000000003, 0.059999999999999998, 0.070000000000000007, 0.080000000000000002, 0.089999999999999997]


Models 6.0/7.0 
	ID_A 6.0 [len 10]: [0.080000000000000002, 0.20999999999999999, 0.12, 0.10000000000000001, 0.37, 0.050000000000000003, 0.059999999999999998, 0.070000000000000007, 0.080000000000000002, 0.089999999999999997] 
	ID_B 7.0 [len 10]: [0.20000000000000001, 0.12, 0.14000000000000001, 0.29999999999999999, 1.1100000000000001, 0.050000000000000003, 0.059999999999999998, 0.070000000000000007, 0.080000000000000002, 0.089999999999999997]


Models 7.0/8.0 
	ID_A 7.0 [len 10]: [0.13, 0.19, 0.12, 0.13, 0.16, 0.050000000000000003, 0.059999999999999998, 0.070000000000000007, 0.080000000000000002, 0.089999999999999997] 
	ID_B 8.0 [len 10]: [0.080000000000000002, 0.20999999999999999, 0.12, 0.10000000000000001, 0.37, 0.050000000000000003, 0.059999999999999998, 0.070000000000000007, 0.080000000000000002, 0.089999999999999997]


Models 9.0/10.0 
	ID_A 9.0 [len 10]: [0.16, 0.089999999999999997, 0.13, 0.13, 0.19, 0.050000000000000003, 0.059999999999999998, 0.070000000000000007, 0.080000000000000002, 0.089999999999999997] 
	ID_B 10.0 [len 10]: [0.12, 0.14000000000000001, 0.12, 0.16, 0.13, 0.050000000000000003, 0.059999999999999998, 0.070000000000000007, 0.080000000000000002, 0.089999999999999997]


Models 13.0/14.0 
	ID_A 13.0 [len 10]: [0.089999999999999997, 0.059999999999999998, 0.059999999999999998, 0.089999999999999997, 0.12, 0.050000000000000003, 0.059999999999999998, 0.070000000000000007, 0.080000000000000002, 0.089999999999999997] 
	ID_B 14.0 [len 10]: [0.12, 0.080000000000000002, 0.089999999999999997, 0.080000000000000002, 0.11, 0.050000000000000003, 0.059999999999999998, 0.070000000000000007, 0.080000000000000002, 0.089999999999999997]


Models 12.0/14.0 
	ID_A 12.0 [len 10]: [0.089999999999999997, 0.059999999999999998, 0.059999999999999998, 0.089999999999999997, 0.12, 0.050000000000000003, 0.059999999999999998, 0.070000000000000007, 0.080000000000000002, 0.089999999999999997] 
	ID_B 14.0 [len 10]: [0.089999999999999997, 0.080000000000000002, 0.13, 0.080000000000000002, 0.059999999999999998, 0.050000000000000003, 0.059999999999999998, 0.070000000000000007, 0.080000000000000002, 0.089999999999999997]


Models 12.0/13.0 
	ID_A 12.0 [len 10]: [0.12, 0.080000000000000002, 0.089999999999999997, 0.080000000000000002, 0.11, 0.050000000000000003, 0.059999999999999998, 0.070000000000000007, 0.080000000000000002, 0.089999999999999997] 
	ID_B 13.0 [len 10]: [0.089999999999999997, 0.080000000000000002, 0.13, 0.080000000000000002, 0.059999999999999998, 0.050000000000000003, 0.059999999999999998, 0.070000000000000007, 0.080000000000000002, 0.089999999999999997]


Models 15.0/16.0 
	ID_A 15.0 [len 10]: [0.089999999999999997, 0.089999999999999997, 0.059999999999999998, 0.089999999999999997, 0.059999999999999998, 0.050000000000000003, 0.059999999999999998, 0.070000000000000007, 0.080000000000000002, 0.089999999999999997] 
	ID_B 16.0 [len 10]: [0.11, 0.070000000000000007, 0.089999999999999997, 0.080000000000000002, 0.059999999999999998, 0.050000000000000003, 0.059999999999999998, 0.070000000000000007, 0.080000000000000002, 0.089999999999999997]


Models 11/13 
	ID_A 11 [len 10]: [0.12, 0.080000000000000002, 0.089999999999999997, 0.080000000000000002, 0.11, 0.050000000000000003, 0.059999999999999998, 0.070000000000000007, 0.080000000000000002, 0.089999999999999997] 
	ID_B 13 [len 10]: [0.12, 0.14000000000000001, 0.17000000000000001, 0.089999999999999997, 0.14000000000000001, 0.050000000000000003, 0.059999999999999998, 0.070000000000000007, 0.080000000000000002, 0.089999999999999997]


Models 6/9 
	ID_A 6 [len 10]: [0.12, 0.14000000000000001, 0.12, 0.16, 0.13, 0.050000000000000003, 0.059999999999999998, 0.070000000000000007, 0.080000000000000002, 0.089999999999999997] 
	ID_B 9 [len 10]: [0.20000000000000001, 0.12, 0.14000000000000001, 0.29999999999999999, 1.1100000000000001, 0.050000000000000003, 0.059999999999999998, 0.070000000000000007, 0.080000000000000002, 0.089999999999999997]


Models 9/11 
	ID_A 9 [len 10]: [0.12, 0.14000000000000001, 0.17000000000000001, 0.089999999999999997, 0.14000000000000001, 0.050000000000000003, 0.059999999999999998, 0.070000000000000007, 0.080000000000000002, 0.089999999999999997] 
	ID_B 11 [len 10]: [0.12, 0.14000000000000001, 0.12, 0.16, 0.13, 0.050000000000000003, 0.059999999999999998, 0.070000000000000007, 0.080000000000000002, 0.089999999999999997]


Models 3/5 
	ID_A 3 [len 10]: [0.25, 0.55000000000000004, 0.41999999999999998, 0.19, 0.17999999999999999, 0.050000000000000003, 0.059999999999999998, 0.070000000000000007, 0.080000000000000002, 0.089999999999999997] 
	ID_B 5 [len 10]: [0.16, 0.34999999999999998, 0.23999999999999999, 1.79, 0.13, 0.050000000000000003, 0.059999999999999998, 0.070000000000000007, 0.080000000000000002, 0.089999999999999997]


Models 5/6 
	ID_A 5 [len 10]: [0.20000000000000001, 0.12, 0.14000000000000001, 0.29999999999999999, 1.1100000000000001, 0.050000000000000003, 0.059999999999999998, 0.070000000000000007, 0.080000000000000002, 0.089999999999999997] 
	ID_B 6 [len 10]: [0.25, 0.55000000000000004, 0.41999999999999998, 0.19, 0.17999999999999999, 0.050000000000000003, 0.059999999999999998, 0.070000000000000007, 0.080000000000000002, 0.089999999999999997]


Models 2/3 
	ID_A 2 [len 10]: [0.16, 0.34999999999999998, 0.23999999999999999, 1.79, 0.13, 0.050000000000000003, 0.059999999999999998, 0.070000000000000007, 0.080000000000000002, 0.089999999999999997] 
	ID_B 3 [len 10]: [0.22, 0.41999999999999998, 0.27000000000000002, 0.39000000000000001, 1.7, 0.050000000000000003, 0.059999999999999998, 0.070000000000000007, 0.080000000000000002, 0.089999999999999997]


Models 13/16 
	ID_A 13 [len 10]: [0.089999999999999997, 0.089999999999999997, 0.059999999999999998, 0.089999999999999997, 0.059999999999999998, 0.050000000000000003, 0.059999999999999998, 0.070000000000000007, 0.080000000000000002, 0.089999999999999997] 
	ID_B 16 [len 10]: [0.12, 0.080000000000000002, 0.089999999999999997, 0.080000000000000002, 0.11, 0.050000000000000003, 0.059999999999999998, 0.070000000000000007, 0.080000000000000002, 0.089999999999999997]


Models 16/17 
	ID_A 16 [len 10]: [0.059999999999999998, 0.070000000000000007, 0.050000000000000003, 0.059999999999999998, 0.059999999999999998, 0.050000000000000003, 0.059999999999999998, 0.070000000000000007, 0.080000000000000002, 0.089999999999999997] 
	ID_B 17 [len 10]: [0.089999999999999997, 0.089999999999999997, 0.059999999999999998, 0.089999999999999997, 0.059999999999999998, 0.050000000000000003, 0.059999999999999998, 0.070000000000000007, 0.080000000000000002, 0.089999999999999997]


Models 17.0/13.0 
	ID_A 17.0 [len 10]: [0.12, 0.080000000000000002, 0.089999999999999997, 0.080000000000000002, 0.11, 0.050000000000000003, 0.059999999999999998, 0.070000000000000007, 0.080000000000000002, 0.089999999999999997] 
	ID_B 13.0 [len 10]: [0.059999999999999998, 0.070000000000000007, 0.050000000000000003, 0.059999999999999998, 0.059999999999999998, 0.050000000000000003, 0.059999999999999998, 0.070000000000000007, 0.080000000000000002, 0.089999999999999997]


Models 17.0/11.0 
	ID_A 17.0 [len 10]: [0.12, 0.14000000000000001, 0.17000000000000001, 0.089999999999999997, 0.14000000000000001, 0.050000000000000003, 0.059999999999999998, 0.070000000000000007, 0.080000000000000002, 0.089999999999999997] 
	ID_B 11.0 [len 10]: [0.059999999999999998, 0.070000000000000007, 0.050000000000000003, 0.059999999999999998, 0.059999999999999998, 0.050000000000000003, 0.059999999999999998, 0.070000000000000007, 0.080000000000000002, 0.089999999999999997]


Models 17.0/3.0 
	ID_A 17.0 [len 10]: [0.16, 0.34999999999999998, 0.23999999999999999, 1.79, 0.13, 0.050000000000000003, 0.059999999999999998, 0.070000000000000007, 0.080000000000000002, 0.089999999999999997] 
	ID_B 3.0 [len 10]: [0.059999999999999998, 0.070000000000000007, 0.050000000000000003, 0.059999999999999998, 0.059999999999999998, 0.050000000000000003, 0.059999999999999998, 0.070000000000000007, 0.080000000000000002, 0.089999999999999997]


Models 17.0/5.0 
	ID_A 17.0 [len 10]: [0.25, 0.55000000000000004, 0.41999999999999998, 0.19, 0.17999999999999999, 0.050000000000000003, 0.059999999999999998, 0.070000000000000007, 0.080000000000000002, 0.089999999999999997] 
	ID_B 5.0 [len 10]: [0.059999999999999998, 0.070000000000000007, 0.050000000000000003, 0.059999999999999998, 0.059999999999999998, 0.050000000000000003, 0.059999999999999998, 0.070000000000000007, 0.080000000000000002, 0.089999999999999997]


Models 17.0/9.0 
	ID_A 17.0 [len 10]: [0.12, 0.14000000000000001, 0.12, 0.16, 0.13, 0.050000000000000003, 0.059999999999999998, 0.070000000000000007, 0.080000000000000002, 0.089999999999999997] 
	ID_B 9.0 [len 10]: [0.059999999999999998, 0.070000000000000007, 0.050000000000000003, 0.059999999999999998, 0.059999999999999998, 0.050000000000000003, 0.059999999999999998, 0.070000000000000007, 0.080000000000000002, 0.089999999999999997]


Models 17.0/6.0 
	ID_A 17.0 [len 10]: [0.20000000000000001, 0.12, 0.14000000000000001, 0.29999999999999999, 1.1100000000000001, 0.050000000000000003, 0.059999999999999998, 0.070000000000000007, 0.080000000000000002, 0.089999999999999997] 
	ID_B 6.0 [len 10]: [0.059999999999999998, 0.070000000000000007, 0.050000000000000003, 0.059999999999999998, 0.059999999999999998, 0.050000000000000003, 0.059999999999999998, 0.070000000000000007, 0.080000000000000002, 0.089999999999999997]


Models 17.0/2.0 
	ID_A 17.0 [len 10]: [0.22, 0.41999999999999998, 0.27000000000000002, 0.39000000000000001, 1.7, 0.050000000000000003, 0.059999999999999998, 0.070000000000000007, 0.080000000000000002, 0.089999999999999997] 
	ID_B 2.0 [len 10]: [0.059999999999999998, 0.070000000000000007, 0.050000000000000003, 0.059999999999999998, 0.059999999999999998, 0.050000000000000003, 0.059999999999999998, 0.070000000000000007, 0.080000000000000002, 0.089999999999999997]


Models 5.0/16.0 
	ID_A 5.0 [len 10]: [0.089999999999999997, 0.089999999999999997, 0.059999999999999998, 0.089999999999999997, 0.059999999999999998, 0.050000000000000003, 0.059999999999999998, 0.070000000000000007, 0.080000000000000002, 0.089999999999999997] 
	ID_B 16.0 [len 10]: [0.25, 0.55000000000000004, 0.41999999999999998, 0.19, 0.17999999999999999, 0.050000000000000003, 0.059999999999999998, 0.070000000000000007, 0.080000000000000002, 0.089999999999999997]


Models 5.0/13.0 
	ID_A 5.0 [len 10]: [0.12, 0.080000000000000002, 0.089999999999999997, 0.080000000000000002, 0.11, 0.050000000000000003, 0.059999999999999998, 0.070000000000000007, 0.080000000000000002, 0.089999999999999997] 
	ID_B 13.0 [len 10]: [0.25, 0.55000000000000004, 0.41999999999999998, 0.19, 0.17999999999999999, 0.050000000000000003, 0.059999999999999998, 0.070000000000000007, 0.080000000000000002, 0.089999999999999997]


Models 5.0/11.0 
	ID_A 5.0 [len 10]: [0.12, 0.14000000000000001, 0.17000000000000001, 0.089999999999999997, 0.14000000000000001, 0.050000000000000003, 0.059999999999999998, 0.070000000000000007, 0.080000000000000002, 0.089999999999999997] 
	ID_B 11.0 [len 10]: [0.25, 0.55000000000000004, 0.41999999999999998, 0.19, 0.17999999999999999, 0.050000000000000003, 0.059999999999999998, 0.070000000000000007, 0.080000000000000002, 0.089999999999999997]


Models 5.0/9.0 
	ID_A 5.0 [len 10]: [0.12, 0.14000000000000001, 0.12, 0.16, 0.13, 0.050000000000000003, 0.059999999999999998, 0.070000000000000007, 0.080000000000000002, 0.089999999999999997] 
	ID_B 9.0 [len 10]: [0.25, 0.55000000000000004, 0.41999999999999998, 0.19, 0.17999999999999999, 0.050000000000000003, 0.059999999999999998, 0.070000000000000007, 0.080000000000000002, 0.089999999999999997]


Models 5.0/2.0 
	ID_A 5.0 [len 10]: [0.22, 0.41999999999999998, 0.27000000000000002, 0.39000000000000001, 1.7, 0.050000000000000003, 0.059999999999999998, 0.070000000000000007, 0.080000000000000002, 0.089999999999999997] 
	ID_B 2.0 [len 10]: [0.25, 0.55000000000000004, 0.41999999999999998, 0.19, 0.17999999999999999, 0.050000000000000003, 0.059999999999999998, 0.070000000000000007, 0.080000000000000002, 0.089999999999999997]


Models 3.0/16.0 
	ID_A 3.0 [len 10]: [0.089999999999999997, 0.089999999999999997, 0.059999999999999998, 0.089999999999999997, 0.059999999999999998, 0.050000000000000003, 0.059999999999999998, 0.070000000000000007, 0.080000000000000002, 0.089999999999999997] 
	ID_B 16.0 [len 10]: [0.16, 0.34999999999999998, 0.23999999999999999, 1.79, 0.13, 0.050000000000000003, 0.059999999999999998, 0.070000000000000007, 0.080000000000000002, 0.089999999999999997]


Models 3.0/9.0 
	ID_A 3.0 [len 10]: [0.12, 0.14000000000000001, 0.12, 0.16, 0.13, 0.050000000000000003, 0.059999999999999998, 0.070000000000000007, 0.080000000000000002, 0.089999999999999997] 
	ID_B 9.0 [len 10]: [0.16, 0.34999999999999998, 0.23999999999999999, 1.79, 0.13, 0.050000000000000003, 0.059999999999999998, 0.070000000000000007, 0.080000000000000002, 0.089999999999999997]


Models 3.0/6.0 
	ID_A 3.0 [len 10]: [0.20000000000000001, 0.12, 0.14000000000000001, 0.29999999999999999, 1.1100000000000001, 0.050000000000000003, 0.059999999999999998, 0.070000000000000007, 0.080000000000000002, 0.089999999999999997] 
	ID_B 6.0 [len 10]: [0.16, 0.34999999999999998, 0.23999999999999999, 1.79, 0.13, 0.050000000000000003, 0.059999999999999998, 0.070000000000000007, 0.080000000000000002, 0.089999999999999997]


Models 3.0/11.0 
	ID_A 3.0 [len 10]: [0.12, 0.14000000000000001, 0.17000000000000001, 0.089999999999999997, 0.14000000000000001, 0.050000000000000003, 0.059999999999999998, 0.070000000000000007, 0.080000000000000002, 0.089999999999999997] 
	ID_B 11.0 [len 10]: [0.16, 0.34999999999999998, 0.23999999999999999, 1.79, 0.13, 0.050000000000000003, 0.059999999999999998, 0.070000000000000007, 0.080000000000000002, 0.089999999999999997]


Models 3.0/13.0 
	ID_A 3.0 [len 10]: [0.12, 0.080000000000000002, 0.089999999999999997, 0.080000000000000002, 0.11, 0.050000000000000003, 0.059999999999999998, 0.070000000000000007, 0.080000000000000002, 0.089999999999999997] 
	ID_B 13.0 [len 10]: [0.16, 0.34999999999999998, 0.23999999999999999, 1.79, 0.13, 0.050000000000000003, 0.059999999999999998, 0.070000000000000007, 0.080000000000000002, 0.089999999999999997]


Models 16.0/6.0 
	ID_A 16.0 [len 10]: [0.20000000000000001, 0.12, 0.14000000000000001, 0.29999999999999999, 1.1100000000000001, 0.050000000000000003, 0.059999999999999998, 0.070000000000000007, 0.080000000000000002, 0.089999999999999997] 
	ID_B 6.0 [len 10]: [0.089999999999999997, 0.089999999999999997, 0.059999999999999998, 0.089999999999999997, 0.059999999999999998, 0.050000000000000003, 0.059999999999999998, 0.070000000000000007, 0.080000000000000002, 0.089999999999999997]


Models 16.0/9.0 
	ID_A 16.0 [len 10]: [0.12, 0.14000000000000001, 0.12, 0.16, 0.13, 0.050000000000000003, 0.059999999999999998, 0.070000000000000007, 0.080000000000000002, 0.089999999999999997] 
	ID_B 9.0 [len 10]: [0.089999999999999997, 0.089999999999999997, 0.059999999999999998, 0.089999999999999997, 0.059999999999999998, 0.050000000000000003, 0.059999999999999998, 0.070000000000000007, 0.080000000000000002, 0.089999999999999997]


Models 16.0/11.0 
	ID_A 16.0 [len 10]: [0.12, 0.14000000000000001, 0.17000000000000001, 0.089999999999999997, 0.14000000000000001, 0.050000000000000003, 0.059999999999999998, 0.070000000000000007, 0.080000000000000002, 0.089999999999999997] 
	ID_B 11.0 [len 10]: [0.089999999999999997, 0.089999999999999997, 0.059999999999999998, 0.089999999999999997, 0.059999999999999998, 0.050000000000000003, 0.059999999999999998, 0.070000000000000007, 0.080000000000000002, 0.089999999999999997]


Models 6.0/13.0 
	ID_A 6.0 [len 10]: [0.12, 0.080000000000000002, 0.089999999999999997, 0.080000000000000002, 0.11, 0.050000000000000003, 0.059999999999999998, 0.070000000000000007, 0.080000000000000002, 0.089999999999999997] 
	ID_B 13.0 [len 10]: [0.20000000000000001, 0.12, 0.14000000000000001, 0.29999999999999999, 1.1100000000000001, 0.050000000000000003, 0.059999999999999998, 0.070000000000000007, 0.080000000000000002, 0.089999999999999997]


Models 16.0/2.0 
	ID_A 16.0 [len 10]: [0.22, 0.41999999999999998, 0.27000000000000002, 0.39000000000000001, 1.7, 0.050000000000000003, 0.059999999999999998, 0.070000000000000007, 0.080000000000000002, 0.089999999999999997] 
	ID_B 2.0 [len 10]: [0.089999999999999997, 0.089999999999999997, 0.059999999999999998, 0.089999999999999997, 0.059999999999999998, 0.050000000000000003, 0.059999999999999998, 0.070000000000000007, 0.080000000000000002, 0.089999999999999997]


Models 6.0/11.0 
	ID_A 6.0 [len 10]: [0.12, 0.14000000000000001, 0.17000000000000001, 0.089999999999999997, 0.14000000000000001, 0.050000000000000003, 0.059999999999999998, 0.070000000000000007, 0.080000000000000002, 0.089999999999999997] 
	ID_B 11.0 [len 10]: [0.20000000000000001, 0.12, 0.14000000000000001, 0.29999999999999999, 1.1100000000000001, 0.050000000000000003, 0.059999999999999998, 0.070000000000000007, 0.080000000000000002, 0.089999999999999997]


Models 6.0/2.0 
	ID_A 6.0 [len 10]: [0.22, 0.41999999999999998, 0.27000000000000002, 0.39000000000000001, 1.7, 0.050000000000000003, 0.059999999999999998, 0.070000000000000007, 0.080000000000000002, 0.089999999999999997] 
	ID_B 2.0 [len 10]: [0.20000000000000001, 0.12, 0.14000000000000001, 0.29999999999999999, 1.1100000000000001, 0.050000000000000003, 0.059999999999999998, 0.070000000000000007, 0.080000000000000002, 0.089999999999999997]


Models 9.0/13.0 
	ID_A 9.0 [len 10]: [0.12, 0.080000000000000002, 0.089999999999999997, 0.080000000000000002, 0.11, 0.050000000000000003, 0.059999999999999998, 0.070000000000000007, 0.080000000000000002, 0.089999999999999997] 
	ID_B 13.0 [len 10]: [0.12, 0.14000000000000001, 0.12, 0.16, 0.13, 0.050000000000000003, 0.059999999999999998, 0.070000000000000007, 0.080000000000000002, 0.089999999999999997]


Models 9.0/2.0 
	ID_A 9.0 [len 10]: [0.22, 0.41999999999999998, 0.27000000000000002, 0.39000000000000001, 1.7, 0.050000000000000003, 0.059999999999999998, 0.070000000000000007, 0.080000000000000002, 0.089999999999999997] 
	ID_B 2.0 [len 10]: [0.12, 0.14000000000000001, 0.12, 0.16, 0.13, 0.050000000000000003, 0.059999999999999998, 0.070000000000000007, 0.080000000000000002, 0.089999999999999997]


Models 11.0/2.0 
	ID_A 11.0 [len 10]: [0.22, 0.41999999999999998, 0.27000000000000002, 0.39000000000000001, 1.7, 0.050000000000000003, 0.059999999999999998, 0.070000000000000007, 0.080000000000000002, 0.089999999999999997] 
	ID_B 2.0 [len 10]: [0.12, 0.14000000000000001, 0.17000000000000001, 0.089999999999999997, 0.14000000000000001, 0.050000000000000003, 0.059999999999999998, 0.070000000000000007, 0.080000000000000002, 0.089999999999999997]


Models 13.0/2.0 
	ID_A 13.0 [len 10]: [0.22, 0.41999999999999998, 0.27000000000000002, 0.39000000000000001, 1.7, 0.050000000000000003, 0.059999999999999998, 0.070000000000000007, 0.080000000000000002, 0.089999999999999997] 
	ID_B 2.0 [len 10]: [0.12, 0.080000000000000002, 0.089999999999999997, 0.080000000000000002, 0.11, 0.050000000000000003, 0.059999999999999998, 0.070000000000000007, 0.080000000000000002, 0.089999999999999997]


Models 6.0/11.0 
	ID_A 6.0 [len 10]: [0.12, 0.14000000000000001, 0.17000000000000001, 0.089999999999999997, 0.14000000000000001, 0.050000000000000003, 0.059999999999999998, 0.070000000000000007, 0.080000000000000002, 0.089999999999999997] 
	ID_B 11.0 [len 10]: [0.20000000000000001, 0.12, 0.14000000000000001, 0.29999999999999999, 1.1100000000000001, 0.050000000000000003, 0.059999999999999998, 0.070000000000000007, 0.080000000000000002, 0.089999999999999997]


Models 17.0/11.0 
	ID_A 17.0 [len 10]: [0.12, 0.14000000000000001, 0.17000000000000001, 0.089999999999999997, 0.14000000000000001, 0.050000000000000003, 0.059999999999999998, 0.070000000000000007, 0.080000000000000002, 0.089999999999999997] 
	ID_B 11.0 [len 10]: [0.059999999999999998, 0.070000000000000007, 0.050000000000000003, 0.059999999999999998, 0.059999999999999998, 0.050000000000000003, 0.059999999999999998, 0.070000000000000007, 0.080000000000000002, 0.089999999999999997]


Models 17.0/6.0 
	ID_A 17.0 [len 10]: [0.20000000000000001, 0.12, 0.14000000000000001, 0.29999999999999999, 1.1100000000000001, 0.050000000000000003, 0.059999999999999998, 0.070000000000000007, 0.080000000000000002, 0.089999999999999997] 
	ID_B 6.0 [len 10]: [0.059999999999999998, 0.070000000000000007, 0.050000000000000003, 0.059999999999999998, 0.059999999999999998, 0.050000000000000003, 0.059999999999999998, 0.070000000000000007, 0.080000000000000002, 0.089999999999999997]
