

Models 1/2 
	ID_A 1 [len 10]: [0.34999999999999998, 1.79, 0.37, 2.6899999999999999, 0.89000000000000001, 0.050000000000000003, 0.059999999999999998, 0.070000000000000007, 0.080000000000000002, 0.089999999999999997] 
	ID_B 2 [len 10]: [0.71999999999999997, 1.52, 0.57999999999999996, 0.77000000000000002, 3.1200000000000001, 0.050000000000000003, 0.059999999999999998, 0.070000000000000007, 0.080000000000000002, 0.089999999999999997]


Models 0/1 
	ID_A 0 [len 10]: [0.71999999999999997, 1.52, 0.57999999999999996, 0.77000000000000002, 3.1200000000000001, 0.050000000000000003, 0.059999999999999998, 0.070000000000000007, 0.080000000000000002, 0.089999999999999997] 
	ID_B 1 [len 10]: [0.44, 1.98, 0.68999999999999995, 0.81999999999999995, 1.6100000000000001, 0.050000000000000003, 0.059999999999999998, 0.070000000000000007, 0.080000000000000002, 0.089999999999999997]


Models 0/2 
	ID_A 0 [len 10]: [0.34999999999999998, 1.79, 0.37, 2.6899999999999999, 0.89000000000000001, 0.050000000000000003, 0.059999999999999998, 0.070000000000000007, 0.080000000000000002, 0.089999999999999997] 
	ID_B 2 [len 10]: [0.44, 1.98, 0.68999999999999995, 0.81999999999999995, 1.6100000000000001, 0.050000000000000003, 0.059999999999999998, 0.070000000000000007, 0.080000000000000002, 0.089999999999999997]


Models 3.0/4.0 
	ID_A 3.0 [len 10]: [0.26000000000000001, 1.6899999999999999, 0.16, 0.42999999999999999, 0.25, 0.050000000000000003, 0.059999999999999998, 0.070000000000000007, 0.080000000000000002, 0.089999999999999997] 
	ID_B 4.0 [len 10]: [0.33000000000000002, 0.23999999999999999, 0.59999999999999998, 0.94999999999999996, 4.1399999999999997, 0.050000000000000003, 0.059999999999999998, 0.070000000000000007, 0.080000000000000002, 0.089999999999999997]


Models 6.0/8.0 
	ID_A 6.0 [len 10]: [0.11, 0.17000000000000001, 0.12, 0.23999999999999999, 0.14000000000000001, 0.050000000000000003, 0.059999999999999998, 0.070000000000000007, 0.080000000000000002, 0.089999999999999997] 
	ID_B 8.0 [len 10]: [0.16, 0.16, 0.23999999999999999, 0.26000000000000001, 0.14999999999999999, 0.050000000000000003, 0.059999999999999998, 0.070000000000000007, 0.080000000000000002, 0.089999999999999997]


Models 7.0/8.0 
	ID_A 7.0 [len 10]: [0.11, 0.17000000000000001, 0.12, 0.23999999999999999, 0.14000000000000001, 0.050000000000000003, 0.059999999999999998, 0.070000000000000007, 0.080000000000000002, 0.089999999999999997] 
	ID_B 8.0 [len 10]: [0.11, 0.34999999999999998, 0.14000000000000001, 1.6200000000000001, 0.13, 0.050000000000000003, 0.059999999999999998, 0.070000000000000007, 0.080000000000000002, 0.089999999999999997]


Models 6.0/7.0 
	ID_A 6.0 [len 10]: [0.11, 0.34999999999999998, 0.14000000000000001, 1.6200000000000001, 0.13, 0.050000000000000003, 0.059999999999999998, 0.070000000000000007, 0.080000000000000002, 0.089999999999999997] 
	ID_B 7.0 [len 10]: [0.16, 0.16, 0.23999999999999999, 0.26000000000000001, 0.14999999999999999, 0.050000000000000003, 0.059999999999999998, 0.070000000000000007, 0.080000000000000002, 0.089999999999999997]


Models 9.0/10.0 
	ID_A 9.0 [len 10]: [0.12, 0.19, 0.25, 0.17000000000000001, 0.20000000000000001, 0.050000000000000003, 0.059999999999999998, 0.070000000000000007, 0.080000000000000002, 0.089999999999999997] 
	ID_B 10.0 [len 10]: [0.080000000000000002, 0.059999999999999998, 0.11, 0.13, 0.10000000000000001, 0.050000000000000003, 0.059999999999999998, 0.070000000000000007, 0.080000000000000002, 0.089999999999999997]


Models 13.0/14.0 
	ID_A 13.0 [len 10]: [0.070000000000000007, 0.080000000000000002, 0.070000000000000007, 0.050000000000000003, 0.089999999999999997, 0.050000000000000003, 0.059999999999999998, 0.070000000000000007, 0.080000000000000002, 0.089999999999999997] 
	ID_B 14.0 [len 10]: [0.080000000000000002, 0.080000000000000002, 0.080000000000000002, 0.14000000000000001, 0.070000000000000007, 0.050000000000000003, 0.059999999999999998, 0.070000000000000007, 0.080000000000000002, 0.089999999999999997]


Models 12.0/13.0 
	ID_A 12.0 [len 10]: [0.080000000000000002, 0.080000000000000002, 0.080000000000000002, 0.14000000000000001, 0.070000000000000007, 0.050000000000000003, 0.059999999999999998, 0.070000000000000007, 0.080000000000000002, 0.089999999999999997] 
	ID_B 13.0 [len 10]: [0.14999999999999999, 0.059999999999999998, 0.070000000000000007, 0.080000000000000002, 0.080000000000000002, 0.050000000000000003, 0.059999999999999998, 0.070000000000000007, 0.080000000000000002, 0.089999999999999997]


Models 12.0/14.0 
	ID_A 12.0 [len 10]: [0.070000000000000007, 0.080000000000000002, 0.070000000000000007, 0.050000000000000003, 0.089999999999999997, 0.050000000000000003, 0.059999999999999998, 0.070000000000000007, 0.080000000000000002, 0.089999999999999997] 
	ID_B 14.0 [len 10]: [0.14999999999999999, 0.059999999999999998, 0.070000000000000007, 0.080000000000000002, 0.080000000000000002, 0.050000000000000003, 0.059999999999999998, 0.070000000000000007, 0.080000000000000002, 0.089999999999999997]


Models 15.0/16.0 
	ID_A 15.0 [len 10]: [0.070000000000000007, 0.080000000000000002, 0.11, 0.089999999999999997, 0.050000000000000003, 0.050000000000000003, 0.059999999999999998, 0.070000000000000007, 0.080000000000000002, 0.089999999999999997] 
	ID_B 16.0 [len 10]: [0.059999999999999998, 0.089999999999999997, 0.089999999999999997, 0.059999999999999998, 0.089999999999999997, 0.050000000000000003, 0.059999999999999998, 0.070000000000000007, 0.080000000000000002, 0.089999999999999997]


Models 11/12 
	ID_A 11 [len 10]: [0.14999999999999999, 0.059999999999999998, 0.070000000000000007, 0.080000000000000002, 0.080000000000000002, 0.050000000000000003, 0.059999999999999998, 0.070000000000000007, 0.080000000000000002, 0.089999999999999997] 
	ID_B 12 [len 10]: [0.10000000000000001, 0.11, 0.14999999999999999, 0.10000000000000001, 0.20000000000000001, 0.050000000000000003, 0.059999999999999998, 0.070000000000000007, 0.080000000000000002, 0.089999999999999997]


Models 1/4 
	ID_A 1 [len 10]: [0.26000000000000001, 1.6899999999999999, 0.16, 0.42999999999999999, 0.25, 0.050000000000000003, 0.059999999999999998, 0.070000000000000007, 0.080000000000000002, 0.089999999999999997] 
	ID_B 4 [len 10]: [0.71999999999999997, 1.52, 0.57999999999999996, 0.77000000000000002, 3.1200000000000001, 0.050000000000000003, 0.059999999999999998, 0.070000000000000007, 0.080000000000000002, 0.089999999999999997]


Models 8/9 
	ID_A 8 [len 10]: [0.080000000000000002, 0.059999999999999998, 0.11, 0.13, 0.10000000000000001, 0.050000000000000003, 0.059999999999999998, 0.070000000000000007, 0.080000000000000002, 0.089999999999999997] 
	ID_B 9 [len 10]: [0.11, 0.17000000000000001, 0.12, 0.23999999999999999, 0.14000000000000001, 0.050000000000000003, 0.059999999999999998, 0.070000000000000007, 0.080000000000000002, 0.089999999999999997]


Models 9/11 
	ID_A 9 [len 10]: [0.10000000000000001, 0.11, 0.14999999999999999, 0.10000000000000001, 0.20000000000000001, 0.050000000000000003, 0.059999999999999998, 0.070000000000000007, 0.080000000000000002, 0.089999999999999997] 
	ID_B 11 [len 10]: [0.080000000000000002, 0.059999999999999998, 0.11, 0.13, 0.10000000000000001, 0.050000000000000003, 0.059999999999999998, 0.070000000000000007, 0.080000000000000002, 0.089999999999999997]


Models 5/8 
	ID_A 5 [len 10]: [0.11, 0.17000000000000001, 0.12, 0.23999999999999999, 0.14000000000000001, 0.050000000000000003, 0.059999999999999998, 0.070000000000000007, 0.080000000000000002, 0.089999999999999997] 
	ID_B 8 [len 10]: [0.42999999999999999, 0.27000000000000002, 0.13, 0.23999999999999999, 0.13, 0.050000000000000003, 0.059999999999999998, 0.070000000000000007, 0.080000000000000002, 0.089999999999999997]


Models 4/5 
	ID_A 4 [len 10]: [0.42999999999999999, 0.27000000000000002, 0.13, 0.23999999999999999, 0.13, 0.050000000000000003, 0.059999999999999998, 0.070000000000000007, 0.080000000000000002, 0.089999999999999997] 
	ID_B 5 [len 10]: [0.26000000000000001, 1.6899999999999999, 0.16, 0.42999999999999999, 0.25, 0.050000000000000003, 0.059999999999999998, 0.070000000000000007, 0.080000000000000002, 0.089999999999999997]


Models 12/16 
	ID_A 12 [len 10]: [0.070000000000000007, 0.080000000000000002, 0.11, 0.089999999999999997, 0.050000000000000003, 0.050000000000000003, 0.059999999999999998, 0.070000000000000007, 0.080000000000000002, 0.089999999999999997] 
	ID_B 16 [len 10]: [0.14999999999999999, 0.059999999999999998, 0.070000000000000007, 0.080000000000000002, 0.080000000000000002, 0.050000000000000003, 0.059999999999999998, 0.070000000000000007, 0.080000000000000002, 0.089999999999999997]


Models 16/17 
	ID_A 16 [len 10]: [0.089999999999999997, 0.089999999999999997, 0.059999999999999998, 0.080000000000000002, 0.070000000000000007, 0.050000000000000003, 0.059999999999999998, 0.070000000000000007, 0.080000000000000002, 0.089999999999999997] 
	ID_B 17 [len 10]: [0.070000000000000007, 0.080000000000000002, 0.11, 0.089999999999999997, 0.050000000000000003, 0.050000000000000003, 0.059999999999999998, 0.070000000000000007, 0.080000000000000002, 0.089999999999999997]


Models 17.0/12.0 
	ID_A 17.0 [len 10]: [0.14999999999999999, 0.059999999999999998, 0.070000000000000007, 0.080000000000000002, 0.080000000000000002, 0.050000000000000003, 0.059999999999999998, 0.070000000000000007, 0.080000000000000002, 0.089999999999999997] 
	ID_B 12.0 [len 10]: [0.089999999999999997, 0.089999999999999997, 0.059999999999999998, 0.080000000000000002, 0.070000000000000007, 0.050000000000000003, 0.059999999999999998, 0.070000000000000007, 0.080000000000000002, 0.089999999999999997]


Models 17.0/5.0 
	ID_A 17.0 [len 10]: [0.42999999999999999, 0.27000000000000002, 0.13, 0.23999999999999999, 0.13, 0.050000000000000003, 0.059999999999999998, 0.070000000000000007, 0.080000000000000002, 0.089999999999999997] 
	ID_B 5.0 [len 10]: [0.089999999999999997, 0.089999999999999997, 0.059999999999999998, 0.080000000000000002, 0.070000000000000007, 0.050000000000000003, 0.059999999999999998, 0.070000000000000007, 0.080000000000000002, 0.089999999999999997]


Models 17.0/11.0 
	ID_A 17.0 [len 10]: [0.10000000000000001, 0.11, 0.14999999999999999, 0.10000000000000001, 0.20000000000000001, 0.050000000000000003, 0.059999999999999998, 0.070000000000000007, 0.080000000000000002, 0.089999999999999997] 
	ID_B 11.0 [len 10]: [0.089999999999999997, 0.089999999999999997, 0.059999999999999998, 0.080000000000000002, 0.070000000000000007, 0.050000000000000003, 0.059999999999999998, 0.070000000000000007, 0.080000000000000002, 0.089999999999999997]


Models 17.0/1.0 
	ID_A 17.0 [len 10]: [0.71999999999999997, 1.52, 0.57999999999999996, 0.77000000000000002, 3.1200000000000001, 0.050000000000000003, 0.059999999999999998, 0.070000000000000007, 0.080000000000000002, 0.089999999999999997] 
	ID_B 1.0 [len 10]: [0.089999999999999997, 0.089999999999999997, 0.059999999999999998, 0.080000000000000002, 0.070000000000000007, 0.050000000000000003, 0.059999999999999998, 0.070000000000000007, 0.080000000000000002, 0.089999999999999997]


Models 17.0/8.0 
	ID_A 17.0 [len 10]: [0.11, 0.17000000000000001, 0.12, 0.23999999999999999, 0.14000000000000001, 0.050000000000000003, 0.059999999999999998, 0.070000000000000007, 0.080000000000000002, 0.089999999999999997] 
	ID_B 8.0 [len 10]: [0.089999999999999997, 0.089999999999999997, 0.059999999999999998, 0.080000000000000002, 0.070000000000000007, 0.050000000000000003, 0.059999999999999998, 0.070000000000000007, 0.080000000000000002, 0.089999999999999997]


Models 17.0/4.0 
	ID_A 17.0 [len 10]: [0.26000000000000001, 1.6899999999999999, 0.16, 0.42999999999999999, 0.25, 0.050000000000000003, 0.059999999999999998, 0.070000000000000007, 0.080000000000000002, 0.089999999999999997] 
	ID_B 4.0 [len 10]: [0.089999999999999997, 0.089999999999999997, 0.059999999999999998, 0.080000000000000002, 0.070000000000000007, 0.050000000000000003, 0.059999999999999998, 0.070000000000000007, 0.080000000000000002, 0.089999999999999997]


Models 17.0/9.0 
	ID_A 17.0 [len 10]: [0.080000000000000002, 0.059999999999999998, 0.11, 0.13, 0.10000000000000001, 0.050000000000000003, 0.059999999999999998, 0.070000000000000007, 0.080000000000000002, 0.089999999999999997] 
	ID_B 9.0 [len 10]: [0.089999999999999997, 0.089999999999999997, 0.059999999999999998, 0.080000000000000002, 0.070000000000000007, 0.050000000000000003, 0.059999999999999998, 0.070000000000000007, 0.080000000000000002, 0.089999999999999997]


Models 16.0/11.0 
	ID_A 16.0 [len 10]: [0.10000000000000001, 0.11, 0.14999999999999999, 0.10000000000000001, 0.20000000000000001, 0.050000000000000003, 0.059999999999999998, 0.070000000000000007, 0.080000000000000002, 0.089999999999999997] 
	ID_B 11.0 [len 10]: [0.070000000000000007, 0.080000000000000002, 0.11, 0.089999999999999997, 0.050000000000000003, 0.050000000000000003, 0.059999999999999998, 0.070000000000000007, 0.080000000000000002, 0.089999999999999997]


Models 16.0/5.0 
	ID_A 16.0 [len 10]: [0.42999999999999999, 0.27000000000000002, 0.13, 0.23999999999999999, 0.13, 0.050000000000000003, 0.059999999999999998, 0.070000000000000007, 0.080000000000000002, 0.089999999999999997] 
	ID_B 5.0 [len 10]: [0.070000000000000007, 0.080000000000000002, 0.11, 0.089999999999999997, 0.050000000000000003, 0.050000000000000003, 0.059999999999999998, 0.070000000000000007, 0.080000000000000002, 0.089999999999999997]


Models 16.0/8.0 
	ID_A 16.0 [len 10]: [0.11, 0.17000000000000001, 0.12, 0.23999999999999999, 0.14000000000000001, 0.050000000000000003, 0.059999999999999998, 0.070000000000000007, 0.080000000000000002, 0.089999999999999997] 
	ID_B 8.0 [len 10]: [0.070000000000000007, 0.080000000000000002, 0.11, 0.089999999999999997, 0.050000000000000003, 0.050000000000000003, 0.059999999999999998, 0.070000000000000007, 0.080000000000000002, 0.089999999999999997]


Models 16.0/4.0 
	ID_A 16.0 [len 10]: [0.26000000000000001, 1.6899999999999999, 0.16, 0.42999999999999999, 0.25, 0.050000000000000003, 0.059999999999999998, 0.070000000000000007, 0.080000000000000002, 0.089999999999999997] 
	ID_B 4.0 [len 10]: [0.070000000000000007, 0.080000000000000002, 0.11, 0.089999999999999997, 0.050000000000000003, 0.050000000000000003, 0.059999999999999998, 0.070000000000000007, 0.080000000000000002, 0.089999999999999997]


Models 16.0/1.0 
	ID_A 16.0 [len 10]: [0.71999999999999997, 1.52, 0.57999999999999996, 0.77000000000000002, 3.1200000000000001, 0.050000000000000003, 0.059999999999999998, 0.070000000000000007, 0.080000000000000002, 0.089999999999999997] 
	ID_B 1.0 [len 10]: [0.070000000000000007, 0.080000000000000002, 0.11, 0.089999999999999997, 0.050000000000000003, 0.050000000000000003, 0.059999999999999998, 0.070000000000000007, 0.080000000000000002, 0.089999999999999997]


Models 16.0/9.0 
	ID_A 16.0 [len 10]: [0.080000000000000002, 0.059999999999999998, 0.11, 0.13, 0.10000000000000001, 0.050000000000000003, 0.059999999999999998, 0.070000000000000007, 0.080000000000000002, 0.089999999999999997] 
	ID_B 9.0 [len 10]: [0.070000000000000007, 0.080000000000000002, 0.11, 0.089999999999999997, 0.050000000000000003, 0.050000000000000003, 0.059999999999999998, 0.070000000000000007, 0.080000000000000002, 0.089999999999999997]


Models 11.0/5.0 
	ID_A 11.0 [len 10]: [0.42999999999999999, 0.27000000000000002, 0.13, 0.23999999999999999, 0.13, 0.050000000000000003, 0.059999999999999998, 0.070000000000000007, 0.080000000000000002, 0.089999999999999997] 
	ID_B 5.0 [len 10]: [0.10000000000000001, 0.11, 0.14999999999999999, 0.10000000000000001, 0.20000000000000001, 0.050000000000000003, 0.059999999999999998, 0.070000000000000007, 0.080000000000000002, 0.089999999999999997]


Models 11.0/4.0 
	ID_A 11.0 [len 10]: [0.26000000000000001, 1.6899999999999999, 0.16, 0.42999999999999999, 0.25, 0.050000000000000003, 0.059999999999999998, 0.070000000000000007, 0.080000000000000002, 0.089999999999999997] 
	ID_B 4.0 [len 10]: [0.10000000000000001, 0.11, 0.14999999999999999, 0.10000000000000001, 0.20000000000000001, 0.050000000000000003, 0.059999999999999998, 0.070000000000000007, 0.080000000000000002, 0.089999999999999997]


Models 11.0/8.0 
	ID_A 11.0 [len 10]: [0.11, 0.17000000000000001, 0.12, 0.23999999999999999, 0.14000000000000001, 0.050000000000000003, 0.059999999999999998, 0.070000000000000007, 0.080000000000000002, 0.089999999999999997] 
	ID_B 8.0 [len 10]: [0.10000000000000001, 0.11, 0.14999999999999999, 0.10000000000000001, 0.20000000000000001, 0.050000000000000003, 0.059999999999999998, 0.070000000000000007, 0.080000000000000002, 0.089999999999999997]


Models 11.0/1.0 
	ID_A 11.0 [len 10]: [0.71999999999999997, 1.52, 0.57999999999999996, 0.77000000000000002, 3.1200000000000001, 0.050000000000000003, 0.059999999999999998, 0.070000000000000007, 0.080000000000000002, 0.089999999999999997] 
	ID_B 1.0 [len 10]: [0.10000000000000001, 0.11, 0.14999999999999999, 0.10000000000000001, 0.20000000000000001, 0.050000000000000003, 0.059999999999999998, 0.070000000000000007, 0.080000000000000002, 0.089999999999999997]


Models 5.0/1.0 
	ID_A 5.0 [len 10]: [0.71999999999999997, 1.52, 0.57999999999999996, 0.77000000000000002, 3.1200000000000001, 0.050000000000000003, 0.059999999999999998, 0.070000000000000007, 0.080000000000000002, 0.089999999999999997] 
	ID_B 1.0 [len 10]: [0.42999999999999999, 0.27000000000000002, 0.13, 0.23999999999999999, 0.13, 0.050000000000000003, 0.059999999999999998, 0.070000000000000007, 0.080000000000000002, 0.089999999999999997]


Models 5.0/12.0 
	ID_A 5.0 [len 10]: [0.14999999999999999, 0.059999999999999998, 0.070000000000000007, 0.080000000000000002, 0.080000000000000002, 0.050000000000000003, 0.059999999999999998, 0.070000000000000007, 0.080000000000000002, 0.089999999999999997] 
	ID_B 12.0 [len 10]: [0.42999999999999999, 0.27000000000000002, 0.13, 0.23999999999999999, 0.13, 0.050000000000000003, 0.059999999999999998, 0.070000000000000007, 0.080000000000000002, 0.089999999999999997]


Models 5.0/9.0 
	ID_A 5.0 [len 10]: [0.080000000000000002, 0.059999999999999998, 0.11, 0.13, 0.10000000000000001, 0.050000000000000003, 0.059999999999999998, 0.070000000000000007, 0.080000000000000002, 0.089999999999999997] 
	ID_B 9.0 [len 10]: [0.42999999999999999, 0.27000000000000002, 0.13, 0.23999999999999999, 0.13, 0.050000000000000003, 0.059999999999999998, 0.070000000000000007, 0.080000000000000002, 0.089999999999999997]


Models 8.0/1.0 
	ID_A 8.0 [len 10]: [0.71999999999999997, 1.52, 0.57999999999999996, 0.77000000000000002, 3.1200000000000001, 0.050000000000000003, 0.059999999999999998, 0.070000000000000007, 0.080000000000000002, 0.089999999999999997] 
	ID_B 1.0 [len 10]: [0.11, 0.17000000000000001, 0.12, 0.23999999999999999, 0.14000000000000001, 0.050000000000000003, 0.059999999999999998, 0.070000000000000007, 0.080000000000000002, 0.089999999999999997]


Models 8.0/4.0 
	ID_A 8.0 [len 10]: [0.26000000000000001, 1.6899999999999999, 0.16, 0.42999999999999999, 0.25, 0.050000000000000003, 0.059999999999999998, 0.070000000000000007, 0.080000000000000002, 0.089999999999999997] 
	ID_B 4.0 [len 10]: [0.11, 0.17000000000000001, 0.12, 0.23999999999999999, 0.14000000000000001, 0.050000000000000003, 0.059999999999999998, 0.070000000000000007, 0.080000000000000002, 0.089999999999999997]


Models 8.0/12.0 
	ID_A 8.0 [len 10]: [0.14999999999999999, 0.059999999999999998, 0.070000000000000007, 0.080000000000000002, 0.080000000000000002, 0.050000000000000003, 0.059999999999999998, 0.070000000000000007, 0.080000000000000002, 0.089999999999999997] 
	ID_B 12.0 [len 10]: [0.11, 0.17000000000000001, 0.12, 0.23999999999999999, 0.14000000000000001, 0.050000000000000003, 0.059999999999999998, 0.070000000000000007, 0.080000000000000002, 0.089999999999999997]


Models 4.0/12.0 
	ID_A 4.0 [len 10]: [0.14999999999999999, 0.059999999999999998, 0.070000000000000007, 0.080000000000000002, 0.080000000000000002, 0.050000000000000003, 0.059999999999999998, 0.070000000000000007, 0.080000000000000002, 0.089999999999999997] 
	ID_B 12.0 [len 10]: [0.26000000000000001, 1.6899999999999999, 0.16, 0.42999999999999999, 0.25, 0.050000000000000003, 0.059999999999999998, 0.070000000000000007, 0.080000000000000002, 0.089999999999999997]


Models 4.0/9.0 
	ID_A 4.0 [len 10]: [0.080000000000000002, 0.059999999999999998, 0.11, 0.13, 0.10000000000000001, 0.050000000000000003, 0.059999999999999998, 0.070000000000000007, 0.080000000000000002, 0.089999999999999997] 
	ID_B 9.0 [len 10]: [0.26000000000000001, 1.6899999999999999, 0.16, 0.42999999999999999, 0.25, 0.050000000000000003, 0.059999999999999998, 0.070000000000000007, 0.080000000000000002, 0.089999999999999997]


Models 1.0/12.0 
	ID_A 1.0 [len 10]: [0.14999999999999999, 0.059999999999999998, 0.070000000000000007, 0.080000000000000002, 0.080000000000000002, 0.050000000000000003, 0.059999999999999998, 0.070000000000000007, 0.080000000000000002, 0.089999999999999997] 
	ID_B 12.0 [len 10]: [0.71999999999999997, 1.52, 0.57999999999999996, 0.77000000000000002, 3.1200000000000001, 0.050000000000000003, 0.059999999999999998, 0.070000000000000007, 0.080000000000000002, 0.089999999999999997]


Models 12.0/9.0 
	ID_A 12.0 [len 10]: [0.080000000000000002, 0.059999999999999998, 0.11, 0.13, 0.10000000000000001, 0.050000000000000003, 0.059999999999999998, 0.070000000000000007, 0.080000000000000002, 0.089999999999999997] 
	ID_B 9.0 [len 10]: [0.14999999999999999, 0.059999999999999998, 0.070000000000000007, 0.080000000000000002, 0.080000000000000002, 0.050000000000000003, 0.059999999999999998, 0.070000000000000007, 0.080000000000000002, 0.089999999999999997]


Models 1.0/9.0 
	ID_A 1.0 [len 10]: [0.080000000000000002, 0.059999999999999998, 0.11, 0.13, 0.10000000000000001, 0.050000000000000003, 0.059999999999999998, 0.070000000000000007, 0.080000000000000002, 0.089999999999999997] 
	ID_B 9.0 [len 10]: [0.71999999999999997, 1.52, 0.57999999999999996, 0.77000000000000002, 3.1200000000000001, 0.050000000000000003, 0.059999999999999998, 0.070000000000000007, 0.080000000000000002, 0.089999999999999997]
