

Models 0/2 
	ID_A 0 [len 10]: [2.6499999999999999, 2.5299999999999998, 0.39000000000000001, 0.64000000000000001, 0.26000000000000001, 0.050000000000000003, 0.059999999999999998, 0.070000000000000007, 0.080000000000000002, 0.089999999999999997] 
	ID_B 2 [len 10]: [0.72999999999999998, 2.8300000000000001, 0.88, 3.46, 0.66000000000000003, 0.050000000000000003, 0.059999999999999998, 0.070000000000000007, 0.080000000000000002, 0.089999999999999997]


Models 1/2 
	ID_A 1 [len 10]: [2.6499999999999999, 2.5299999999999998, 0.39000000000000001, 0.64000000000000001, 0.26000000000000001, 0.050000000000000003, 0.059999999999999998, 0.070000000000000007, 0.080000000000000002, 0.089999999999999997] 
	ID_B 2 [len 10]: [1.21, 1.1599999999999999, 1.28, 0.98999999999999999, 2.3399999999999999, 0.050000000000000003, 0.059999999999999998, 0.070000000000000007, 0.080000000000000002, 0.089999999999999997]


Models 0/1 
	ID_A 0 [len 10]: [1.21, 1.1599999999999999, 1.28, 0.98999999999999999, 2.3399999999999999, 0.050000000000000003, 0.059999999999999998, 0.070000000000000007, 0.080000000000000002, 0.089999999999999997] 
	ID_B 1 [len 10]: [0.72999999999999998, 2.8300000000000001, 0.88, 3.46, 0.66000000000000003, 0.050000000000000003, 0.059999999999999998, 0.070000000000000007, 0.080000000000000002, 0.089999999999999997]


Models 3.0/4.0 
	ID_A 3.0 [len 10]: [0.26000000000000001, 0.20999999999999999, 0.37, 0.20000000000000001, 0.23000000000000001, 0.050000000000000003, 0.059999999999999998, 0.070000000000000007, 0.080000000000000002, 0.089999999999999997] 
	ID_B 4.0 [len 10]: [0.23000000000000001, 0.35999999999999999, 0.37, 0.25, 3.6000000000000001, 0.050000000000000003, 0.059999999999999998, 0.070000000000000007, 0.080000000000000002, 0.089999999999999997]


Models 6.0/8.0 
	ID_A 6.0 [len 10]: [0.23999999999999999, 0.16, 0.11, 0.20000000000000001, 0.13, 0.050000000000000003, 0.059999999999999998, 0.070000000000000007, 0.080000000000000002, 0.089999999999999997] 
	ID_B 8.0 [len 10]: [0.45000000000000001, 0.28999999999999998, 0.13, 0.23000000000000001, 0.23000000000000001, 0.050000000000000003, 0.059999999999999998, 0.070000000000000007, 0.080000000000000002, 0.089999999999999997]


Models 6.0/7.0 
	ID_A 6.0 [len 10]: [0.17999999999999999, 0.25, 0.10000000000000001, 0.14999999999999999, 1.3400000000000001, 0.050000000000000003, 0.059999999999999998, 0.070000000000000007, 0.080000000000000002, 0.089999999999999997] 
	ID_B 7.0 [len 10]: [0.45000000000000001, 0.28999999999999998, 0.13, 0.23000000000000001, 0.23000000000000001, 0.050000000000000003, 0.059999999999999998, 0.070000000000000007, 0.080000000000000002, 0.089999999999999997]


Models 7.0/8.0 
	ID_A 7.0 [len 10]: [0.23999999999999999, 0.16, 0.11, 0.20000000000000001, 0.13, 0.050000000000000003, 0.059999999999999998, 0.070000000000000007, 0.080000000000000002, 0.089999999999999997] 
	ID_B 8.0 [len 10]: [0.17999999999999999, 0.25, 0.10000000000000001, 0.14999999999999999, 1.3400000000000001, 0.050000000000000003, 0.059999999999999998, 0.070000000000000007, 0.080000000000000002, 0.089999999999999997]


Models 6.0/7.0 
	ID_A 6.0 [len 10]: [0.17999999999999999, 0.25, 0.10000000000000001, 0.14999999999999999, 1.3400000000000001, 0.050000000000000003, 0.059999999999999998, 0.070000000000000007, 0.080000000000000002, 0.089999999999999997] 
	ID_B 7.0 [len 10]: [0.45000000000000001, 0.28999999999999998, 0.13, 0.23000000000000001, 0.23000000000000001, 0.050000000000000003, 0.059999999999999998, 0.070000000000000007, 0.080000000000000002, 0.089999999999999997]


Models 6.0/8.0 
	ID_A 6.0 [len 10]: [0.23999999999999999, 0.16, 0.11, 0.20000000000000001, 0.13, 0.050000000000000003, 0.059999999999999998, 0.070000000000000007, 0.080000000000000002, 0.089999999999999997] 
	ID_B 8.0 [len 10]: [0.45000000000000001, 0.28999999999999998, 0.13, 0.23000000000000001, 0.23000000000000001, 0.050000000000000003, 0.059999999999999998, 0.070000000000000007, 0.080000000000000002, 0.089999999999999997]


Models 7.0/8.0 
	ID_A 7.0 [len 10]: [0.23999999999999999, 0.16, 0.11, 0.20000000000000001, 0.13, 0.050000000000000003, 0.059999999999999998, 0.070000000000000007, 0.080000000000000002, 0.089999999999999997] 
	ID_B 8.0 [len 10]: [0.17999999999999999, 0.25, 0.10000000000000001, 0.14999999999999999, 1.3400000000000001, 0.050000000000000003, 0.059999999999999998, 0.070000000000000007, 0.080000000000000002, 0.089999999999999997]


Models 9.0/10.0 
	ID_A 9.0 [len 10]: [0.10000000000000001, 0.11, 0.11, 0.14000000000000001, 0.10000000000000001, 0.050000000000000003, 0.059999999999999998, 0.070000000000000007, 0.080000000000000002, 0.089999999999999997] 
	ID_B 10.0 [len 10]: [0.10000000000000001, 0.20999999999999999, 0.16, 0.11, 0.10000000000000001, 0.050000000000000003, 0.059999999999999998, 0.070000000000000007, 0.080000000000000002, 0.089999999999999997]


Models 13.0/14.0 
	ID_A 13.0 [len 10]: [0.070000000000000007, 0.059999999999999998, 0.080000000000000002, 0.070000000000000007, 0.080000000000000002, 0.050000000000000003, 0.059999999999999998, 0.070000000000000007, 0.080000000000000002, 0.089999999999999997] 
	ID_B 14.0 [len 10]: [0.14999999999999999, 0.070000000000000007, 0.070000000000000007, 0.11, 0.10000000000000001, 0.050000000000000003, 0.059999999999999998, 0.070000000000000007, 0.080000000000000002, 0.089999999999999997]


Models 12.0/13.0 
	ID_A 12.0 [len 10]: [0.14999999999999999, 0.070000000000000007, 0.070000000000000007, 0.11, 0.10000000000000001, 0.050000000000000003, 0.059999999999999998, 0.070000000000000007, 0.080000000000000002, 0.089999999999999997] 
	ID_B 13.0 [len 10]: [0.059999999999999998, 0.089999999999999997, 0.070000000000000007, 0.070000000000000007, 0.059999999999999998, 0.050000000000000003, 0.059999999999999998, 0.070000000000000007, 0.080000000000000002, 0.089999999999999997]


Models 12.0/14.0 
	ID_A 12.0 [len 10]: [0.070000000000000007, 0.059999999999999998, 0.080000000000000002, 0.070000000000000007, 0.080000000000000002, 0.050000000000000003, 0.059999999999999998, 0.070000000000000007, 0.080000000000000002, 0.089999999999999997] 
	ID_B 14.0 [len 10]: [0.059999999999999998, 0.089999999999999997, 0.070000000000000007, 0.070000000000000007, 0.059999999999999998, 0.050000000000000003, 0.059999999999999998, 0.070000000000000007, 0.080000000000000002, 0.089999999999999997]


Models 15.0/16.0 
	ID_A 15.0 [len 10]: [0.089999999999999997, 0.089999999999999997, 0.070000000000000007, 0.070000000000000007, 0.12, 0.050000000000000003, 0.059999999999999998, 0.070000000000000007, 0.080000000000000002, 0.089999999999999997] 
	ID_B 16.0 [len 10]: [0.059999999999999998, 0.080000000000000002, 0.059999999999999998, 0.059999999999999998, 0.059999999999999998, 0.050000000000000003, 0.059999999999999998, 0.070000000000000007, 0.080000000000000002, 0.089999999999999997]


Models 1/3 
	ID_A 1 [len 10]: [0.23000000000000001, 0.35999999999999999, 0.37, 0.25, 3.6000000000000001, 0.050000000000000003, 0.059999999999999998, 0.070000000000000007, 0.080000000000000002, 0.089999999999999997] 
	ID_B 3 [len 10]: [1.21, 1.1599999999999999, 1.28, 0.98999999999999999, 2.3399999999999999, 0.050000000000000003, 0.059999999999999998, 0.070000000000000007, 0.080000000000000002, 0.089999999999999997]


Models 9/11 
	ID_A 9 [len 10]: [0.10000000000000001, 0.080000000000000002, 0.089999999999999997, 0.089999999999999997, 0.089999999999999997, 0.050000000000000003, 0.059999999999999998, 0.070000000000000007, 0.080000000000000002, 0.089999999999999997] 
	ID_B 11 [len 10]: [0.10000000000000001, 0.20999999999999999, 0.16, 0.11, 0.10000000000000001, 0.050000000000000003, 0.059999999999999998, 0.070000000000000007, 0.080000000000000002, 0.089999999999999997]


Models 3/5 
	ID_A 3 [len 10]: [0.19, 0.14000000000000001, 0.55000000000000004, 0.17999999999999999, 0.37, 0.050000000000000003, 0.059999999999999998, 0.070000000000000007, 0.080000000000000002, 0.089999999999999997] 
	ID_B 5 [len 10]: [0.23000000000000001, 0.35999999999999999, 0.37, 0.25, 3.6000000000000001, 0.050000000000000003, 0.059999999999999998, 0.070000000000000007, 0.080000000000000002, 0.089999999999999997]


Models 11/13 
	ID_A 11 [len 10]: [0.14999999999999999, 0.070000000000000007, 0.070000000000000007, 0.11, 0.10000000000000001, 0.050000000000000003, 0.059999999999999998, 0.070000000000000007, 0.080000000000000002, 0.089999999999999997] 
	ID_B 13 [len 10]: [0.10000000000000001, 0.080000000000000002, 0.089999999999999997, 0.089999999999999997, 0.089999999999999997, 0.050000000000000003, 0.059999999999999998, 0.070000000000000007, 0.080000000000000002, 0.089999999999999997]


Models 5/6 
	ID_A 5 [len 10]: [0.45000000000000001, 0.28999999999999998, 0.13, 0.23000000000000001, 0.23000000000000001, 0.050000000000000003, 0.059999999999999998, 0.070000000000000007, 0.080000000000000002, 0.089999999999999997] 
	ID_B 6 [len 10]: [0.19, 0.14000000000000001, 0.55000000000000004, 0.17999999999999999, 0.37, 0.050000000000000003, 0.059999999999999998, 0.070000000000000007, 0.080000000000000002, 0.089999999999999997]


Models 6/9 
	ID_A 6 [len 10]: [0.10000000000000001, 0.20999999999999999, 0.16, 0.11, 0.10000000000000001, 0.050000000000000003, 0.059999999999999998, 0.070000000000000007, 0.080000000000000002, 0.089999999999999997] 
	ID_B 9 [len 10]: [0.45000000000000001, 0.28999999999999998, 0.13, 0.23000000000000001, 0.23000000000000001, 0.050000000000000003, 0.059999999999999998, 0.070000000000000007, 0.080000000000000002, 0.089999999999999997]


Models 16/17 
	ID_A 16 [len 10]: [0.070000000000000007, 0.070000000000000007, 0.050000000000000003, 0.059999999999999998, 0.059999999999999998, 0.050000000000000003, 0.059999999999999998, 0.070000000000000007, 0.080000000000000002, 0.089999999999999997] 
	ID_B 17 [len 10]: [0.089999999999999997, 0.089999999999999997, 0.070000000000000007, 0.070000000000000007, 0.12, 0.050000000000000003, 0.059999999999999998, 0.070000000000000007, 0.080000000000000002, 0.089999999999999997]


Models 13/16 
	ID_A 13 [len 10]: [0.089999999999999997, 0.089999999999999997, 0.070000000000000007, 0.070000000000000007, 0.12, 0.050000000000000003, 0.059999999999999998, 0.070000000000000007, 0.080000000000000002, 0.089999999999999997] 
	ID_B 16 [len 10]: [0.14999999999999999, 0.070000000000000007, 0.070000000000000007, 0.11, 0.10000000000000001, 0.050000000000000003, 0.059999999999999998, 0.070000000000000007, 0.080000000000000002, 0.089999999999999997]


Models 9.0/17.0 
	ID_A 9.0 [len 10]: [0.070000000000000007, 0.070000000000000007, 0.050000000000000003, 0.059999999999999998, 0.059999999999999998, 0.050000000000000003, 0.059999999999999998, 0.070000000000000007, 0.080000000000000002, 0.089999999999999997] 
	ID_B 17.0 [len 10]: [0.10000000000000001, 0.20999999999999999, 0.16, 0.11, 0.10000000000000001, 0.050000000000000003, 0.059999999999999998, 0.070000000000000007, 0.080000000000000002, 0.089999999999999997]


Models 9.0/5.0 
	ID_A 9.0 [len 10]: [0.19, 0.14000000000000001, 0.55000000000000004, 0.17999999999999999, 0.37, 0.050000000000000003, 0.059999999999999998, 0.070000000000000007, 0.080000000000000002, 0.089999999999999997] 
	ID_B 5.0 [len 10]: [0.10000000000000001, 0.20999999999999999, 0.16, 0.11, 0.10000000000000001, 0.050000000000000003, 0.059999999999999998, 0.070000000000000007, 0.080000000000000002, 0.089999999999999997]


Models 9.0/1.0 
	ID_A 9.0 [len 10]: [1.21, 1.1599999999999999, 1.28, 0.98999999999999999, 2.3399999999999999, 0.050000000000000003, 0.059999999999999998, 0.070000000000000007, 0.080000000000000002, 0.089999999999999997] 
	ID_B 1.0 [len 10]: [0.10000000000000001, 0.20999999999999999, 0.16, 0.11, 0.10000000000000001, 0.050000000000000003, 0.059999999999999998, 0.070000000000000007, 0.080000000000000002, 0.089999999999999997]


Models 9.0/16.0 
	ID_A 9.0 [len 10]: [0.089999999999999997, 0.089999999999999997, 0.070000000000000007, 0.070000000000000007, 0.12, 0.050000000000000003, 0.059999999999999998, 0.070000000000000007, 0.080000000000000002, 0.089999999999999997] 
	ID_B 16.0 [len 10]: [0.10000000000000001, 0.20999999999999999, 0.16, 0.11, 0.10000000000000001, 0.050000000000000003, 0.059999999999999998, 0.070000000000000007, 0.080000000000000002, 0.089999999999999997]


Models 9.0/13.0 
	ID_A 9.0 [len 10]: [0.14999999999999999, 0.070000000000000007, 0.070000000000000007, 0.11, 0.10000000000000001, 0.050000000000000003, 0.059999999999999998, 0.070000000000000007, 0.080000000000000002, 0.089999999999999997] 
	ID_B 13.0 [len 10]: [0.10000000000000001, 0.20999999999999999, 0.16, 0.11, 0.10000000000000001, 0.050000000000000003, 0.059999999999999998, 0.070000000000000007, 0.080000000000000002, 0.089999999999999997]


Models 9.0/3.0 
	ID_A 9.0 [len 10]: [0.23000000000000001, 0.35999999999999999, 0.37, 0.25, 3.6000000000000001, 0.050000000000000003, 0.059999999999999998, 0.070000000000000007, 0.080000000000000002, 0.089999999999999997] 
	ID_B 3.0 [len 10]: [0.10000000000000001, 0.20999999999999999, 0.16, 0.11, 0.10000000000000001, 0.050000000000000003, 0.059999999999999998, 0.070000000000000007, 0.080000000000000002, 0.089999999999999997]


Models 1.0/6.0 
	ID_A 1.0 [len 10]: [0.45000000000000001, 0.28999999999999998, 0.13, 0.23000000000000001, 0.23000000000000001, 0.050000000000000003, 0.059999999999999998, 0.070000000000000007, 0.080000000000000002, 0.089999999999999997] 
	ID_B 6.0 [len 10]: [1.21, 1.1599999999999999, 1.28, 0.98999999999999999, 2.3399999999999999, 0.050000000000000003, 0.059999999999999998, 0.070000000000000007, 0.080000000000000002, 0.089999999999999997]


Models 1.0/17.0 
	ID_A 1.0 [len 10]: [0.070000000000000007, 0.070000000000000007, 0.050000000000000003, 0.059999999999999998, 0.059999999999999998, 0.050000000000000003, 0.059999999999999998, 0.070000000000000007, 0.080000000000000002, 0.089999999999999997] 
	ID_B 17.0 [len 10]: [1.21, 1.1599999999999999, 1.28, 0.98999999999999999, 2.3399999999999999, 0.050000000000000003, 0.059999999999999998, 0.070000000000000007, 0.080000000000000002, 0.089999999999999997]


Models 1.0/11.0 
	ID_A 1.0 [len 10]: [0.10000000000000001, 0.080000000000000002, 0.089999999999999997, 0.089999999999999997, 0.089999999999999997, 0.050000000000000003, 0.059999999999999998, 0.070000000000000007, 0.080000000000000002, 0.089999999999999997] 
	ID_B 11.0 [len 10]: [1.21, 1.1599999999999999, 1.28, 0.98999999999999999, 2.3399999999999999, 0.050000000000000003, 0.059999999999999998, 0.070000000000000007, 0.080000000000000002, 0.089999999999999997]


Models 1.0/13.0 
	ID_A 1.0 [len 10]: [0.14999999999999999, 0.070000000000000007, 0.070000000000000007, 0.11, 0.10000000000000001, 0.050000000000000003, 0.059999999999999998, 0.070000000000000007, 0.080000000000000002, 0.089999999999999997] 
	ID_B 13.0 [len 10]: [1.21, 1.1599999999999999, 1.28, 0.98999999999999999, 2.3399999999999999, 0.050000000000000003, 0.059999999999999998, 0.070000000000000007, 0.080000000000000002, 0.089999999999999997]


Models 1.0/16.0 
	ID_A 1.0 [len 10]: [0.089999999999999997, 0.089999999999999997, 0.070000000000000007, 0.070000000000000007, 0.12, 0.050000000000000003, 0.059999999999999998, 0.070000000000000007, 0.080000000000000002, 0.089999999999999997] 
	ID_B 16.0 [len 10]: [1.21, 1.1599999999999999, 1.28, 0.98999999999999999, 2.3399999999999999, 0.050000000000000003, 0.059999999999999998, 0.070000000000000007, 0.080000000000000002, 0.089999999999999997]


Models 1.0/5.0 
	ID_A 1.0 [len 10]: [0.19, 0.14000000000000001, 0.55000000000000004, 0.17999999999999999, 0.37, 0.050000000000000003, 0.059999999999999998, 0.070000000000000007, 0.080000000000000002, 0.089999999999999997] 
	ID_B 5.0 [len 10]: [1.21, 1.1599999999999999, 1.28, 0.98999999999999999, 2.3399999999999999, 0.050000000000000003, 0.059999999999999998, 0.070000000000000007, 0.080000000000000002, 0.089999999999999997]


Models 6.0/11.0 
	ID_A 6.0 [len 10]: [0.10000000000000001, 0.080000000000000002, 0.089999999999999997, 0.089999999999999997, 0.089999999999999997, 0.050000000000000003, 0.059999999999999998, 0.070000000000000007, 0.080000000000000002, 0.089999999999999997] 
	ID_B 11.0 [len 10]: [0.45000000000000001, 0.28999999999999998, 0.13, 0.23000000000000001, 0.23000000000000001, 0.050000000000000003, 0.059999999999999998, 0.070000000000000007, 0.080000000000000002, 0.089999999999999997]


Models 6.0/13.0 
	ID_A 6.0 [len 10]: [0.14999999999999999, 0.070000000000000007, 0.070000000000000007, 0.11, 0.10000000000000001, 0.050000000000000003, 0.059999999999999998, 0.070000000000000007, 0.080000000000000002, 0.089999999999999997] 
	ID_B 13.0 [len 10]: [0.45000000000000001, 0.28999999999999998, 0.13, 0.23000000000000001, 0.23000000000000001, 0.050000000000000003, 0.059999999999999998, 0.070000000000000007, 0.080000000000000002, 0.089999999999999997]


Models 6.0/17.0 
	ID_A 6.0 [len 10]: [0.070000000000000007, 0.070000000000000007, 0.050000000000000003, 0.059999999999999998, 0.059999999999999998, 0.050000000000000003, 0.059999999999999998, 0.070000000000000007, 0.080000000000000002, 0.089999999999999997] 
	ID_B 17.0 [len 10]: [0.45000000000000001, 0.28999999999999998, 0.13, 0.23000000000000001, 0.23000000000000001, 0.050000000000000003, 0.059999999999999998, 0.070000000000000007, 0.080000000000000002, 0.089999999999999997]


Models 6.0/3.0 
	ID_A 6.0 [len 10]: [0.23000000000000001, 0.35999999999999999, 0.37, 0.25, 3.6000000000000001, 0.050000000000000003, 0.059999999999999998, 0.070000000000000007, 0.080000000000000002, 0.089999999999999997] 
	ID_B 3.0 [len 10]: [0.45000000000000001, 0.28999999999999998, 0.13, 0.23000000000000001, 0.23000000000000001, 0.050000000000000003, 0.059999999999999998, 0.070000000000000007, 0.080000000000000002, 0.089999999999999997]


Models 6.0/16.0 
	ID_A 6.0 [len 10]: [0.089999999999999997, 0.089999999999999997, 0.070000000000000007, 0.070000000000000007, 0.12, 0.050000000000000003, 0.059999999999999998, 0.070000000000000007, 0.080000000000000002, 0.089999999999999997] 
	ID_B 16.0 [len 10]: [0.45000000000000001, 0.28999999999999998, 0.13, 0.23000000000000001, 0.23000000000000001, 0.050000000000000003, 0.059999999999999998, 0.070000000000000007, 0.080000000000000002, 0.089999999999999997]


Models 11.0/17.0 
	ID_A 11.0 [len 10]: [0.070000000000000007, 0.070000000000000007, 0.050000000000000003, 0.059999999999999998, 0.059999999999999998, 0.050000000000000003, 0.059999999999999998, 0.070000000000000007, 0.080000000000000002, 0.089999999999999997] 
	ID_B 17.0 [len 10]: [0.10000000000000001, 0.080000000000000002, 0.089999999999999997, 0.089999999999999997, 0.089999999999999997, 0.050000000000000003, 0.059999999999999998, 0.070000000000000007, 0.080000000000000002, 0.089999999999999997]


Models 11.0/3.0 
	ID_A 11.0 [len 10]: [0.23000000000000001, 0.35999999999999999, 0.37, 0.25, 3.6000000000000001, 0.050000000000000003, 0.059999999999999998, 0.070000000000000007, 0.080000000000000002, 0.089999999999999997] 
	ID_B 3.0 [len 10]: [0.10000000000000001, 0.080000000000000002, 0.089999999999999997, 0.089999999999999997, 0.089999999999999997, 0.050000000000000003, 0.059999999999999998, 0.070000000000000007, 0.080000000000000002, 0.089999999999999997]


Models 11.0/5.0 
	ID_A 11.0 [len 10]: [0.19, 0.14000000000000001, 0.55000000000000004, 0.17999999999999999, 0.37, 0.050000000000000003, 0.059999999999999998, 0.070000000000000007, 0.080000000000000002, 0.089999999999999997] 
	ID_B 5.0 [len 10]: [0.10000000000000001, 0.080000000000000002, 0.089999999999999997, 0.089999999999999997, 0.089999999999999997, 0.050000000000000003, 0.059999999999999998, 0.070000000000000007, 0.080000000000000002, 0.089999999999999997]


Models 11.0/16.0 
	ID_A 11.0 [len 10]: [0.089999999999999997, 0.089999999999999997, 0.070000000000000007, 0.070000000000000007, 0.12, 0.050000000000000003, 0.059999999999999998, 0.070000000000000007, 0.080000000000000002, 0.089999999999999997] 
	ID_B 16.0 [len 10]: [0.10000000000000001, 0.080000000000000002, 0.089999999999999997, 0.089999999999999997, 0.089999999999999997, 0.050000000000000003, 0.059999999999999998, 0.070000000000000007, 0.080000000000000002, 0.089999999999999997]


Models 17.0/13.0 
	ID_A 17.0 [len 10]: [0.14999999999999999, 0.070000000000000007, 0.070000000000000007, 0.11, 0.10000000000000001, 0.050000000000000003, 0.059999999999999998, 0.070000000000000007, 0.080000000000000002, 0.089999999999999997] 
	ID_B 13.0 [len 10]: [0.070000000000000007, 0.070000000000000007, 0.050000000000000003, 0.059999999999999998, 0.059999999999999998, 0.050000000000000003, 0.059999999999999998, 0.070000000000000007, 0.080000000000000002, 0.089999999999999997]


Models 17.0/3.0 
	ID_A 17.0 [len 10]: [0.23000000000000001, 0.35999999999999999, 0.37, 0.25, 3.6000000000000001, 0.050000000000000003, 0.059999999999999998, 0.070000000000000007, 0.080000000000000002, 0.089999999999999997] 
	ID_B 3.0 [len 10]: [0.070000000000000007, 0.070000000000000007, 0.050000000000000003, 0.059999999999999998, 0.059999999999999998, 0.050000000000000003, 0.059999999999999998, 0.070000000000000007, 0.080000000000000002, 0.089999999999999997]


Models 17.0/5.0 
	ID_A 17.0 [len 10]: [0.19, 0.14000000000000001, 0.55000000000000004, 0.17999999999999999, 0.37, 0.050000000000000003, 0.059999999999999998, 0.070000000000000007, 0.080000000000000002, 0.089999999999999997] 
	ID_B 5.0 [len 10]: [0.070000000000000007, 0.070000000000000007, 0.050000000000000003, 0.059999999999999998, 0.059999999999999998, 0.050000000000000003, 0.059999999999999998, 0.070000000000000007, 0.080000000000000002, 0.089999999999999997]


Models 3.0/16.0 
	ID_A 3.0 [len 10]: [0.089999999999999997, 0.089999999999999997, 0.070000000000000007, 0.070000000000000007, 0.12, 0.050000000000000003, 0.059999999999999998, 0.070000000000000007, 0.080000000000000002, 0.089999999999999997] 
	ID_B 16.0 [len 10]: [0.23000000000000001, 0.35999999999999999, 0.37, 0.25, 3.6000000000000001, 0.050000000000000003, 0.059999999999999998, 0.070000000000000007, 0.080000000000000002, 0.089999999999999997]


Models 13.0/3.0 
	ID_A 13.0 [len 10]: [0.23000000000000001, 0.35999999999999999, 0.37, 0.25, 3.6000000000000001, 0.050000000000000003, 0.059999999999999998, 0.070000000000000007, 0.080000000000000002, 0.089999999999999997] 
	ID_B 3.0 [len 10]: [0.14999999999999999, 0.070000000000000007, 0.070000000000000007, 0.11, 0.10000000000000001, 0.050000000000000003, 0.059999999999999998, 0.070000000000000007, 0.080000000000000002, 0.089999999999999997]


Models 13.0/5.0 
	ID_A 13.0 [len 10]: [0.19, 0.14000000000000001, 0.55000000000000004, 0.17999999999999999, 0.37, 0.050000000000000003, 0.059999999999999998, 0.070000000000000007, 0.080000000000000002, 0.089999999999999997] 
	ID_B 5.0 [len 10]: [0.14999999999999999, 0.070000000000000007, 0.070000000000000007, 0.11, 0.10000000000000001, 0.050000000000000003, 0.059999999999999998, 0.070000000000000007, 0.080000000000000002, 0.089999999999999997]


Models 16.0/5.0 
	ID_A 16.0 [len 10]: [0.19, 0.14000000000000001, 0.55000000000000004, 0.17999999999999999, 0.37, 0.050000000000000003, 0.059999999999999998, 0.070000000000000007, 0.080000000000000002, 0.089999999999999997] 
	ID_B 5.0 [len 10]: [0.089999999999999997, 0.089999999999999997, 0.070000000000000007, 0.070000000000000007, 0.12, 0.050000000000000003, 0.059999999999999998, 0.070000000000000007, 0.080000000000000002, 0.089999999999999997]
