

Models 0/2 
	ID_A 0 [len 10]: [0.80000000000000004, 0.93000000000000005, 0.56000000000000005, 2.48, 0.47999999999999998, 0.050000000000000003, 0.059999999999999998, 0.070000000000000007, 0.080000000000000002, 0.089999999999999997] 
	ID_B 2 [len 10]: [0.92000000000000004, 1.4399999999999999, 0.29999999999999999, 0.83999999999999997, 0.5, 0.050000000000000003, 0.059999999999999998, 0.070000000000000007, 0.080000000000000002, 0.089999999999999997]


Models 0/1 
	ID_A 0 [len 10]: [0.29999999999999999, 0.71999999999999997, 1.0700000000000001, 1.5600000000000001, 2.23, 0.050000000000000003, 0.059999999999999998, 0.070000000000000007, 0.080000000000000002, 0.089999999999999997] 
	ID_B 1 [len 10]: [0.92000000000000004, 1.4399999999999999, 0.29999999999999999, 0.83999999999999997, 0.5, 0.050000000000000003, 0.059999999999999998, 0.070000000000000007, 0.080000000000000002, 0.089999999999999997]


Models 1/2 
	ID_A 1 [len 10]: [0.80000000000000004, 0.93000000000000005, 0.56000000000000005, 2.48, 0.47999999999999998, 0.050000000000000003, 0.059999999999999998, 0.070000000000000007, 0.080000000000000002, 0.089999999999999997] 
	ID_B 2 [len 10]: [0.29999999999999999, 0.71999999999999997, 1.0700000000000001, 1.5600000000000001, 2.23, 0.050000000000000003, 0.059999999999999998, 0.070000000000000007, 0.080000000000000002, 0.089999999999999997]


Models 3.0/4.0 
	ID_A 3.0 [len 10]: [0.23000000000000001, 0.51000000000000001, 0.52000000000000002, 0.25, 0.23999999999999999, 0.050000000000000003, 0.059999999999999998, 0.070000000000000007, 0.080000000000000002, 0.089999999999999997] 
	ID_B 4.0 [len 10]: [0.39000000000000001, 0.38, 0.27000000000000002, 0.39000000000000001, 0.34999999999999998, 0.050000000000000003, 0.059999999999999998, 0.070000000000000007, 0.080000000000000002, 0.089999999999999997]


Models 7.0/8.0 
	ID_A 7.0 [len 10]: [0.14000000000000001, 0.17000000000000001, 0.10000000000000001, 0.23999999999999999, 0.16, 0.050000000000000003, 0.059999999999999998, 0.070000000000000007, 0.080000000000000002, 0.089999999999999997] 
	ID_B 8.0 [len 10]: [0.17000000000000001, 0.080000000000000002, 0.11, 0.10000000000000001, 0.19, 0.050000000000000003, 0.059999999999999998, 0.070000000000000007, 0.080000000000000002, 0.089999999999999997]


Models 6.0/8.0 
	ID_A 6.0 [len 10]: [0.14000000000000001, 0.17000000000000001, 0.10000000000000001, 0.23999999999999999, 0.16, 0.050000000000000003, 0.059999999999999998, 0.070000000000000007, 0.080000000000000002, 0.089999999999999997] 
	ID_B 8.0 [len 10]: [0.10000000000000001, 0.17000000000000001, 0.26000000000000001, 0.12, 0.67000000000000004, 0.050000000000000003, 0.059999999999999998, 0.070000000000000007, 0.080000000000000002, 0.089999999999999997]


Models 6.0/7.0 
	ID_A 6.0 [len 10]: [0.17000000000000001, 0.080000000000000002, 0.11, 0.10000000000000001, 0.19, 0.050000000000000003, 0.059999999999999998, 0.070000000000000007, 0.080000000000000002, 0.089999999999999997] 
	ID_B 7.0 [len 10]: [0.10000000000000001, 0.17000000000000001, 0.26000000000000001, 0.12, 0.67000000000000004, 0.050000000000000003, 0.059999999999999998, 0.070000000000000007, 0.080000000000000002, 0.089999999999999997]


Models 9.0/10.0 
	ID_A 9.0 [len 10]: [0.11, 0.12, 0.14999999999999999, 0.050000000000000003, 0.20999999999999999, 0.050000000000000003, 0.059999999999999998, 0.070000000000000007, 0.080000000000000002, 0.089999999999999997] 
	ID_B 10.0 [len 10]: [0.10000000000000001, 0.11, 0.16, 0.10000000000000001, 0.10000000000000001, 0.050000000000000003, 0.059999999999999998, 0.070000000000000007, 0.080000000000000002, 0.089999999999999997]


Models 12.0/13.0 
	ID_A 12.0 [len 10]: [0.11, 0.089999999999999997, 0.089999999999999997, 0.059999999999999998, 0.12, 0.050000000000000003, 0.059999999999999998, 0.070000000000000007, 0.080000000000000002, 0.089999999999999997] 
	ID_B 13.0 [len 10]: [0.14000000000000001, 0.089999999999999997, 0.080000000000000002, 0.070000000000000007, 0.10000000000000001, 0.050000000000000003, 0.059999999999999998, 0.070000000000000007, 0.080000000000000002, 0.089999999999999997]


Models 12.0/14.0 
	ID_A 12.0 [len 10]: [0.059999999999999998, 0.089999999999999997, 0.12, 0.23999999999999999, 0.16, 0.050000000000000003, 0.059999999999999998, 0.070000000000000007, 0.080000000000000002, 0.089999999999999997] 
	ID_B 14.0 [len 10]: [0.14000000000000001, 0.089999999999999997, 0.080000000000000002, 0.070000000000000007, 0.10000000000000001, 0.050000000000000003, 0.059999999999999998, 0.070000000000000007, 0.080000000000000002, 0.089999999999999997]


Models 13.0/14.0 
	ID_A 13.0 [len 10]: [0.059999999999999998, 0.089999999999999997, 0.12, 0.23999999999999999, 0.16, 0.050000000000000003, 0.059999999999999998, 0.070000000000000007, 0.080000000000000002, 0.089999999999999997] 
	ID_B 14.0 [len 10]: [0.11, 0.089999999999999997, 0.089999999999999997, 0.059999999999999998, 0.12, 0.050000000000000003, 0.059999999999999998, 0.070000000000000007, 0.080000000000000002, 0.089999999999999997]


Models 15.0/16.0 
	ID_A 15.0 [len 10]: [0.059999999999999998, 0.059999999999999998, 0.089999999999999997, 0.059999999999999998, 0.050000000000000003, 0.050000000000000003, 0.059999999999999998, 0.070000000000000007, 0.080000000000000002, 0.089999999999999997] 
	ID_B 16.0 [len 10]: [0.040000000000000001, 0.070000000000000007, 0.089999999999999997, 0.089999999999999997, 0.050000000000000003, 0.050000000000000003, 0.059999999999999998, 0.070000000000000007, 0.080000000000000002, 0.089999999999999997]


Models 11/12 
	ID_A 11 [len 10]: [0.14000000000000001, 0.089999999999999997, 0.080000000000000002, 0.070000000000000007, 0.10000000000000001, 0.050000000000000003, 0.059999999999999998, 0.070000000000000007, 0.080000000000000002, 0.089999999999999997] 
	ID_B 12 [len 10]: [0.14000000000000001, 0.089999999999999997, 0.11, 0.14000000000000001, 0.12, 0.050000000000000003, 0.059999999999999998, 0.070000000000000007, 0.080000000000000002, 0.089999999999999997]


Models 2/4 
	ID_A 2 [len 10]: [0.23000000000000001, 0.51000000000000001, 0.52000000000000002, 0.25, 0.23999999999999999, 0.050000000000000003, 0.059999999999999998, 0.070000000000000007, 0.080000000000000002, 0.089999999999999997] 
	ID_B 4 [len 10]: [0.80000000000000004, 0.93000000000000005, 0.56000000000000005, 2.48, 0.47999999999999998, 0.050000000000000003, 0.059999999999999998, 0.070000000000000007, 0.080000000000000002, 0.089999999999999997]


Models 4/5 
	ID_A 4 [len 10]: [0.35999999999999999, 0.17000000000000001, 0.23999999999999999, 0.19, 0.14000000000000001, 0.050000000000000003, 0.059999999999999998, 0.070000000000000007, 0.080000000000000002, 0.089999999999999997] 
	ID_B 5 [len 10]: [0.23000000000000001, 0.51000000000000001, 0.52000000000000002, 0.25, 0.23999999999999999, 0.050000000000000003, 0.059999999999999998, 0.070000000000000007, 0.080000000000000002, 0.089999999999999997]


Models 5/7 
	ID_A 5 [len 10]: [0.17000000000000001, 0.080000000000000002, 0.11, 0.10000000000000001, 0.19, 0.050000000000000003, 0.059999999999999998, 0.070000000000000007, 0.080000000000000002, 0.089999999999999997] 
	ID_B 7 [len 10]: [0.35999999999999999, 0.17000000000000001, 0.23999999999999999, 0.19, 0.14000000000000001, 0.050000000000000003, 0.059999999999999998, 0.070000000000000007, 0.080000000000000002, 0.089999999999999997]


Models 9/11 
	ID_A 9 [len 10]: [0.14000000000000001, 0.089999999999999997, 0.11, 0.14000000000000001, 0.12, 0.050000000000000003, 0.059999999999999998, 0.070000000000000007, 0.080000000000000002, 0.089999999999999997] 
	ID_B 11 [len 10]: [0.10000000000000001, 0.11, 0.16, 0.10000000000000001, 0.10000000000000001, 0.050000000000000003, 0.059999999999999998, 0.070000000000000007, 0.080000000000000002, 0.089999999999999997]


Models 7/9 
	ID_A 7 [len 10]: [0.10000000000000001, 0.11, 0.16, 0.10000000000000001, 0.10000000000000001, 0.050000000000000003, 0.059999999999999998, 0.070000000000000007, 0.080000000000000002, 0.089999999999999997] 
	ID_B 9 [len 10]: [0.17000000000000001, 0.080000000000000002, 0.11, 0.10000000000000001, 0.19, 0.050000000000000003, 0.059999999999999998, 0.070000000000000007, 0.080000000000000002, 0.089999999999999997]


Models 12/15 
	ID_A 12 [len 10]: [0.040000000000000001, 0.070000000000000007, 0.089999999999999997, 0.089999999999999997, 0.050000000000000003, 0.050000000000000003, 0.059999999999999998, 0.070000000000000007, 0.080000000000000002, 0.089999999999999997] 
	ID_B 15 [len 10]: [0.14000000000000001, 0.089999999999999997, 0.080000000000000002, 0.070000000000000007, 0.10000000000000001, 0.050000000000000003, 0.059999999999999998, 0.070000000000000007, 0.080000000000000002, 0.089999999999999997]


Models 15/17 
	ID_A 15 [len 10]: [0.050000000000000003, 0.080000000000000002, 0.12, 0.14000000000000001, 0.070000000000000007, 0.050000000000000003, 0.059999999999999998, 0.070000000000000007, 0.080000000000000002, 0.089999999999999997] 
	ID_B 17 [len 10]: [0.040000000000000001, 0.070000000000000007, 0.089999999999999997, 0.089999999999999997, 0.050000000000000003, 0.050000000000000003, 0.059999999999999998, 0.070000000000000007, 0.080000000000000002, 0.089999999999999997]


Models 15.0/11.0 
	ID_A 15.0 [len 10]: [0.14000000000000001, 0.089999999999999997, 0.11, 0.14000000000000001, 0.12, 0.050000000000000003, 0.059999999999999998, 0.070000000000000007, 0.080000000000000002, 0.089999999999999997] 
	ID_B 11.0 [len 10]: [0.040000000000000001, 0.070000000000000007, 0.089999999999999997, 0.089999999999999997, 0.050000000000000003, 0.050000000000000003, 0.059999999999999998, 0.070000000000000007, 0.080000000000000002, 0.089999999999999997]


Models 15.0/9.0 
	ID_A 15.0 [len 10]: [0.10000000000000001, 0.11, 0.16, 0.10000000000000001, 0.10000000000000001, 0.050000000000000003, 0.059999999999999998, 0.070000000000000007, 0.080000000000000002, 0.089999999999999997] 
	ID_B 9.0 [len 10]: [0.040000000000000001, 0.070000000000000007, 0.089999999999999997, 0.089999999999999997, 0.050000000000000003, 0.050000000000000003, 0.059999999999999998, 0.070000000000000007, 0.080000000000000002, 0.089999999999999997]


Models 15.0/4.0 
	ID_A 15.0 [len 10]: [0.23000000000000001, 0.51000000000000001, 0.52000000000000002, 0.25, 0.23999999999999999, 0.050000000000000003, 0.059999999999999998, 0.070000000000000007, 0.080000000000000002, 0.089999999999999997] 
	ID_B 4.0 [len 10]: [0.040000000000000001, 0.070000000000000007, 0.089999999999999997, 0.089999999999999997, 0.050000000000000003, 0.050000000000000003, 0.059999999999999998, 0.070000000000000007, 0.080000000000000002, 0.089999999999999997]


Models 15.0/2.0 
	ID_A 15.0 [len 10]: [0.80000000000000004, 0.93000000000000005, 0.56000000000000005, 2.48, 0.47999999999999998, 0.050000000000000003, 0.059999999999999998, 0.070000000000000007, 0.080000000000000002, 0.089999999999999997] 
	ID_B 2.0 [len 10]: [0.040000000000000001, 0.070000000000000007, 0.089999999999999997, 0.089999999999999997, 0.050000000000000003, 0.050000000000000003, 0.059999999999999998, 0.070000000000000007, 0.080000000000000002, 0.089999999999999997]


Models 15.0/5.0 
	ID_A 15.0 [len 10]: [0.35999999999999999, 0.17000000000000001, 0.23999999999999999, 0.19, 0.14000000000000001, 0.050000000000000003, 0.059999999999999998, 0.070000000000000007, 0.080000000000000002, 0.089999999999999997] 
	ID_B 5.0 [len 10]: [0.040000000000000001, 0.070000000000000007, 0.089999999999999997, 0.089999999999999997, 0.050000000000000003, 0.050000000000000003, 0.059999999999999998, 0.070000000000000007, 0.080000000000000002, 0.089999999999999997]


Models 15.0/7.0 
	ID_A 15.0 [len 10]: [0.17000000000000001, 0.080000000000000002, 0.11, 0.10000000000000001, 0.19, 0.050000000000000003, 0.059999999999999998, 0.070000000000000007, 0.080000000000000002, 0.089999999999999997] 
	ID_B 7.0 [len 10]: [0.040000000000000001, 0.070000000000000007, 0.089999999999999997, 0.089999999999999997, 0.050000000000000003, 0.050000000000000003, 0.059999999999999998, 0.070000000000000007, 0.080000000000000002, 0.089999999999999997]


Models 11.0/2.0 
	ID_A 11.0 [len 10]: [0.80000000000000004, 0.93000000000000005, 0.56000000000000005, 2.48, 0.47999999999999998, 0.050000000000000003, 0.059999999999999998, 0.070000000000000007, 0.080000000000000002, 0.089999999999999997] 
	ID_B 2.0 [len 10]: [0.14000000000000001, 0.089999999999999997, 0.11, 0.14000000000000001, 0.12, 0.050000000000000003, 0.059999999999999998, 0.070000000000000007, 0.080000000000000002, 0.089999999999999997]


Models 11.0/5.0 
	ID_A 11.0 [len 10]: [0.35999999999999999, 0.17000000000000001, 0.23999999999999999, 0.19, 0.14000000000000001, 0.050000000000000003, 0.059999999999999998, 0.070000000000000007, 0.080000000000000002, 0.089999999999999997] 
	ID_B 5.0 [len 10]: [0.14000000000000001, 0.089999999999999997, 0.11, 0.14000000000000001, 0.12, 0.050000000000000003, 0.059999999999999998, 0.070000000000000007, 0.080000000000000002, 0.089999999999999997]


Models 11.0/7.0 
	ID_A 11.0 [len 10]: [0.17000000000000001, 0.080000000000000002, 0.11, 0.10000000000000001, 0.19, 0.050000000000000003, 0.059999999999999998, 0.070000000000000007, 0.080000000000000002, 0.089999999999999997] 
	ID_B 7.0 [len 10]: [0.14000000000000001, 0.089999999999999997, 0.11, 0.14000000000000001, 0.12, 0.050000000000000003, 0.059999999999999998, 0.070000000000000007, 0.080000000000000002, 0.089999999999999997]


Models 11.0/4.0 
	ID_A 11.0 [len 10]: [0.23000000000000001, 0.51000000000000001, 0.52000000000000002, 0.25, 0.23999999999999999, 0.050000000000000003, 0.059999999999999998, 0.070000000000000007, 0.080000000000000002, 0.089999999999999997] 
	ID_B 4.0 [len 10]: [0.14000000000000001, 0.089999999999999997, 0.11, 0.14000000000000001, 0.12, 0.050000000000000003, 0.059999999999999998, 0.070000000000000007, 0.080000000000000002, 0.089999999999999997]


Models 11.0/17.0 
	ID_A 11.0 [len 10]: [0.050000000000000003, 0.080000000000000002, 0.12, 0.14000000000000001, 0.070000000000000007, 0.050000000000000003, 0.059999999999999998, 0.070000000000000007, 0.080000000000000002, 0.089999999999999997] 
	ID_B 17.0 [len 10]: [0.14000000000000001, 0.089999999999999997, 0.11, 0.14000000000000001, 0.12, 0.050000000000000003, 0.059999999999999998, 0.070000000000000007, 0.080000000000000002, 0.089999999999999997]


Models 5.0/2.0 
	ID_A 5.0 [len 10]: [0.80000000000000004, 0.93000000000000005, 0.56000000000000005, 2.48, 0.47999999999999998, 0.050000000000000003, 0.059999999999999998, 0.070000000000000007, 0.080000000000000002, 0.089999999999999997] 
	ID_B 2.0 [len 10]: [0.35999999999999999, 0.17000000000000001, 0.23999999999999999, 0.19, 0.14000000000000001, 0.050000000000000003, 0.059999999999999998, 0.070000000000000007, 0.080000000000000002, 0.089999999999999997]


Models 5.0/9.0 
	ID_A 5.0 [len 10]: [0.10000000000000001, 0.11, 0.16, 0.10000000000000001, 0.10000000000000001, 0.050000000000000003, 0.059999999999999998, 0.070000000000000007, 0.080000000000000002, 0.089999999999999997] 
	ID_B 9.0 [len 10]: [0.35999999999999999, 0.17000000000000001, 0.23999999999999999, 0.19, 0.14000000000000001, 0.050000000000000003, 0.059999999999999998, 0.070000000000000007, 0.080000000000000002, 0.089999999999999997]


Models 5.0/17.0 
	ID_A 5.0 [len 10]: [0.050000000000000003, 0.080000000000000002, 0.12, 0.14000000000000001, 0.070000000000000007, 0.050000000000000003, 0.059999999999999998, 0.070000000000000007, 0.080000000000000002, 0.089999999999999997] 
	ID_B 17.0 [len 10]: [0.35999999999999999, 0.17000000000000001, 0.23999999999999999, 0.19, 0.14000000000000001, 0.050000000000000003, 0.059999999999999998, 0.070000000000000007, 0.080000000000000002, 0.089999999999999997]


Models 5.0/12.0 
	ID_A 5.0 [len 10]: [0.14000000000000001, 0.089999999999999997, 0.080000000000000002, 0.070000000000000007, 0.10000000000000001, 0.050000000000000003, 0.059999999999999998, 0.070000000000000007, 0.080000000000000002, 0.089999999999999997] 
	ID_B 12.0 [len 10]: [0.35999999999999999, 0.17000000000000001, 0.23999999999999999, 0.19, 0.14000000000000001, 0.050000000000000003, 0.059999999999999998, 0.070000000000000007, 0.080000000000000002, 0.089999999999999997]


Models 2.0/17.0 
	ID_A 2.0 [len 10]: [0.050000000000000003, 0.080000000000000002, 0.12, 0.14000000000000001, 0.070000000000000007, 0.050000000000000003, 0.059999999999999998, 0.070000000000000007, 0.080000000000000002, 0.089999999999999997] 
	ID_B 17.0 [len 10]: [0.80000000000000004, 0.93000000000000005, 0.56000000000000005, 2.48, 0.47999999999999998, 0.050000000000000003, 0.059999999999999998, 0.070000000000000007, 0.080000000000000002, 0.089999999999999997]


Models 2.0/7.0 
	ID_A 2.0 [len 10]: [0.17000000000000001, 0.080000000000000002, 0.11, 0.10000000000000001, 0.19, 0.050000000000000003, 0.059999999999999998, 0.070000000000000007, 0.080000000000000002, 0.089999999999999997] 
	ID_B 7.0 [len 10]: [0.80000000000000004, 0.93000000000000005, 0.56000000000000005, 2.48, 0.47999999999999998, 0.050000000000000003, 0.059999999999999998, 0.070000000000000007, 0.080000000000000002, 0.089999999999999997]


Models 2.0/9.0 
	ID_A 2.0 [len 10]: [0.10000000000000001, 0.11, 0.16, 0.10000000000000001, 0.10000000000000001, 0.050000000000000003, 0.059999999999999998, 0.070000000000000007, 0.080000000000000002, 0.089999999999999997] 
	ID_B 9.0 [len 10]: [0.80000000000000004, 0.93000000000000005, 0.56000000000000005, 2.48, 0.47999999999999998, 0.050000000000000003, 0.059999999999999998, 0.070000000000000007, 0.080000000000000002, 0.089999999999999997]


Models 2.0/12.0 
	ID_A 2.0 [len 10]: [0.14000000000000001, 0.089999999999999997, 0.080000000000000002, 0.070000000000000007, 0.10000000000000001, 0.050000000000000003, 0.059999999999999998, 0.070000000000000007, 0.080000000000000002, 0.089999999999999997] 
	ID_B 12.0 [len 10]: [0.80000000000000004, 0.93000000000000005, 0.56000000000000005, 2.48, 0.47999999999999998, 0.050000000000000003, 0.059999999999999998, 0.070000000000000007, 0.080000000000000002, 0.089999999999999997]


Models 7.0/17.0 
	ID_A 7.0 [len 10]: [0.050000000000000003, 0.080000000000000002, 0.12, 0.14000000000000001, 0.070000000000000007, 0.050000000000000003, 0.059999999999999998, 0.070000000000000007, 0.080000000000000002, 0.089999999999999997] 
	ID_B 17.0 [len 10]: [0.17000000000000001, 0.080000000000000002, 0.11, 0.10000000000000001, 0.19, 0.050000000000000003, 0.059999999999999998, 0.070000000000000007, 0.080000000000000002, 0.089999999999999997]


Models 7.0/4.0 
	ID_A 7.0 [len 10]: [0.23000000000000001, 0.51000000000000001, 0.52000000000000002, 0.25, 0.23999999999999999, 0.050000000000000003, 0.059999999999999998, 0.070000000000000007, 0.080000000000000002, 0.089999999999999997] 
	ID_B 4.0 [len 10]: [0.17000000000000001, 0.080000000000000002, 0.11, 0.10000000000000001, 0.19, 0.050000000000000003, 0.059999999999999998, 0.070000000000000007, 0.080000000000000002, 0.089999999999999997]


Models 7.0/12.0 
	ID_A 7.0 [len 10]: [0.14000000000000001, 0.089999999999999997, 0.080000000000000002, 0.070000000000000007, 0.10000000000000001, 0.050000000000000003, 0.059999999999999998, 0.070000000000000007, 0.080000000000000002, 0.089999999999999997] 
	ID_B 12.0 [len 10]: [0.17000000000000001, 0.080000000000000002, 0.11, 0.10000000000000001, 0.19, 0.050000000000000003, 0.059999999999999998, 0.070000000000000007, 0.080000000000000002, 0.089999999999999997]


Models 17.0/9.0 
	ID_A 17.0 [len 10]: [0.10000000000000001, 0.11, 0.16, 0.10000000000000001, 0.10000000000000001, 0.050000000000000003, 0.059999999999999998, 0.070000000000000007, 0.080000000000000002, 0.089999999999999997] 
	ID_B 9.0 [len 10]: [0.050000000000000003, 0.080000000000000002, 0.12, 0.14000000000000001, 0.070000000000000007, 0.050000000000000003, 0.059999999999999998, 0.070000000000000007, 0.080000000000000002, 0.089999999999999997]


Models 17.0/4.0 
	ID_A 17.0 [len 10]: [0.23000000000000001, 0.51000000000000001, 0.52000000000000002, 0.25, 0.23999999999999999, 0.050000000000000003, 0.059999999999999998, 0.070000000000000007, 0.080000000000000002, 0.089999999999999997] 
	ID_B 4.0 [len 10]: [0.050000000000000003, 0.080000000000000002, 0.12, 0.14000000000000001, 0.070000000000000007, 0.050000000000000003, 0.059999999999999998, 0.070000000000000007, 0.080000000000000002, 0.089999999999999997]


Models 9.0/4.0 
	ID_A 9.0 [len 10]: [0.23000000000000001, 0.51000000000000001, 0.52000000000000002, 0.25, 0.23999999999999999, 0.050000000000000003, 0.059999999999999998, 0.070000000000000007, 0.080000000000000002, 0.089999999999999997] 
	ID_B 4.0 [len 10]: [0.10000000000000001, 0.11, 0.16, 0.10000000000000001, 0.10000000000000001, 0.050000000000000003, 0.059999999999999998, 0.070000000000000007, 0.080000000000000002, 0.089999999999999997]


Models 17.0/12.0 
	ID_A 17.0 [len 10]: [0.14000000000000001, 0.089999999999999997, 0.080000000000000002, 0.070000000000000007, 0.10000000000000001, 0.050000000000000003, 0.059999999999999998, 0.070000000000000007, 0.080000000000000002, 0.089999999999999997] 
	ID_B 12.0 [len 10]: [0.050000000000000003, 0.080000000000000002, 0.12, 0.14000000000000001, 0.070000000000000007, 0.050000000000000003, 0.059999999999999998, 0.070000000000000007, 0.080000000000000002, 0.089999999999999997]


Models 9.0/12.0 
	ID_A 9.0 [len 10]: [0.14000000000000001, 0.089999999999999997, 0.080000000000000002, 0.070000000000000007, 0.10000000000000001, 0.050000000000000003, 0.059999999999999998, 0.070000000000000007, 0.080000000000000002, 0.089999999999999997] 
	ID_B 12.0 [len 10]: [0.10000000000000001, 0.11, 0.16, 0.10000000000000001, 0.10000000000000001, 0.050000000000000003, 0.059999999999999998, 0.070000000000000007, 0.080000000000000002, 0.089999999999999997]


Models 4.0/12.0 
	ID_A 4.0 [len 10]: [0.14000000000000001, 0.089999999999999997, 0.080000000000000002, 0.070000000000000007, 0.10000000000000001, 0.050000000000000003, 0.059999999999999998, 0.070000000000000007, 0.080000000000000002, 0.089999999999999997] 
	ID_B 12.0 [len 10]: [0.23000000000000001, 0.51000000000000001, 0.52000000000000002, 0.25, 0.23999999999999999, 0.050000000000000003, 0.059999999999999998, 0.070000000000000007, 0.080000000000000002, 0.089999999999999997]
