

Models 0/2 
	ID_A 0 [len 10]: [1.3799999999999999, 0.059999999999999998, 1.27, 0.33000000000000002, 2.5800000000000001, 0.050000000000000003, 0.059999999999999998, 0.070000000000000007, 0.080000000000000002, 0.089999999999999997] 
	ID_B 2 [len 10]: [0.93999999999999995, 0.46999999999999997, 0.97999999999999998, 0.64000000000000001, 1.6399999999999999, 0.050000000000000003, 0.059999999999999998, 0.070000000000000007, 0.080000000000000002, 0.089999999999999997]


Models 1/2 
	ID_A 1 [len 10]: [1.3799999999999999, 0.059999999999999998, 1.27, 0.33000000000000002, 2.5800000000000001, 0.050000000000000003, 0.059999999999999998, 0.070000000000000007, 0.080000000000000002, 0.089999999999999997] 
	ID_B 2 [len 10]: [0.63, 1.1299999999999999, 0.85999999999999999, 0.72999999999999998, 0.73999999999999999, 0.050000000000000003, 0.059999999999999998, 0.070000000000000007, 0.080000000000000002, 0.089999999999999997]


Models 0/1 
	ID_A 0 [len 10]: [0.63, 1.1299999999999999, 0.85999999999999999, 0.72999999999999998, 0.73999999999999999, 0.050000000000000003, 0.059999999999999998, 0.070000000000000007, 0.080000000000000002, 0.089999999999999997] 
	ID_B 1 [len 10]: [0.93999999999999995, 0.46999999999999997, 0.97999999999999998, 0.64000000000000001, 1.6399999999999999, 0.050000000000000003, 0.059999999999999998, 0.070000000000000007, 0.080000000000000002, 0.089999999999999997]


Models 3.0/4.0 
	ID_A 3.0 [len 10]: [0.46999999999999997, 0.14000000000000001, 0.25, 0.22, 0.69999999999999996, 0.050000000000000003, 0.059999999999999998, 0.070000000000000007, 0.080000000000000002, 0.089999999999999997] 
	ID_B 4.0 [len 10]: [0.17999999999999999, 0.52000000000000002, 0.27000000000000002, 0.68999999999999995, 0.68999999999999995, 0.050000000000000003, 0.059999999999999998, 0.070000000000000007, 0.080000000000000002, 0.089999999999999997]


Models 6.0/8.0 
	ID_A 6.0 [len 10]: [0.23999999999999999, 0.089999999999999997, 0.059999999999999998, 0.12, 0.17999999999999999, 0.050000000000000003, 0.059999999999999998, 0.070000000000000007, 0.080000000000000002, 0.089999999999999997] 
	ID_B 8.0 [len 10]: [0.14999999999999999, 0.13, 0.13, 0.11, 0.17000000000000001, 0.050000000000000003, 0.059999999999999998, 0.070000000000000007, 0.080000000000000002, 0.089999999999999997]


Models 6.0/7.0 
	ID_A 6.0 [len 10]: [0.12, 0.14999999999999999, 0.28000000000000003, 0.19, 0.070000000000000007, 0.050000000000000003, 0.059999999999999998, 0.070000000000000007, 0.080000000000000002, 0.089999999999999997] 
	ID_B 7.0 [len 10]: [0.14999999999999999, 0.13, 0.13, 0.11, 0.17000000000000001, 0.050000000000000003, 0.059999999999999998, 0.070000000000000007, 0.080000000000000002, 0.089999999999999997]


Models 7.0/8.0 
	ID_A 7.0 [len 10]: [0.23999999999999999, 0.089999999999999997, 0.059999999999999998, 0.12, 0.17999999999999999, 0.050000000000000003, 0.059999999999999998, 0.070000000000000007, 0.080000000000000002, 0.089999999999999997] 
	ID_B 8.0 [len 10]: [0.12, 0.14999999999999999, 0.28000000000000003, 0.19, 0.070000000000000007, 0.050000000000000003, 0.059999999999999998, 0.070000000000000007, 0.080000000000000002, 0.089999999999999997]


Models 9.0/10.0 
	ID_A 9.0 [len 10]: [0.20000000000000001, 0.11, 0.070000000000000007, 0.12, 0.14000000000000001, 0.050000000000000003, 0.059999999999999998, 0.070000000000000007, 0.080000000000000002, 0.089999999999999997] 
	ID_B 10.0 [len 10]: [0.080000000000000002, 0.23000000000000001, 0.12, 0.070000000000000007, 0.17000000000000001, 0.050000000000000003, 0.059999999999999998, 0.070000000000000007, 0.080000000000000002, 0.089999999999999997]


Models 12.0/14.0 
	ID_A 12.0 [len 10]: [0.12, 0.12, 0.11, 0.089999999999999997, 0.050000000000000003, 0.050000000000000003, 0.059999999999999998, 0.070000000000000007, 0.080000000000000002, 0.089999999999999997] 
	ID_B 14.0 [len 10]: [0.059999999999999998, 0.11, 0.080000000000000002, 0.089999999999999997, 0.089999999999999997, 0.050000000000000003, 0.059999999999999998, 0.070000000000000007, 0.080000000000000002, 0.089999999999999997]


Models 12.0/13.0 
	ID_A 12.0 [len 10]: [0.089999999999999997, 0.059999999999999998, 0.13, 0.14000000000000001, 0.089999999999999997, 0.050000000000000003, 0.059999999999999998, 0.070000000000000007, 0.080000000000000002, 0.089999999999999997] 
	ID_B 13.0 [len 10]: [0.059999999999999998, 0.11, 0.080000000000000002, 0.089999999999999997, 0.089999999999999997, 0.050000000000000003, 0.059999999999999998, 0.070000000000000007, 0.080000000000000002, 0.089999999999999997]


Models 13.0/14.0 
	ID_A 13.0 [len 10]: [0.12, 0.12, 0.11, 0.089999999999999997, 0.050000000000000003, 0.050000000000000003, 0.059999999999999998, 0.070000000000000007, 0.080000000000000002, 0.089999999999999997] 
	ID_B 14.0 [len 10]: [0.089999999999999997, 0.059999999999999998, 0.13, 0.14000000000000001, 0.089999999999999997, 0.050000000000000003, 0.059999999999999998, 0.070000000000000007, 0.080000000000000002, 0.089999999999999997]


Models 12.0/13.0 
	ID_A 12.0 [len 10]: [0.089999999999999997, 0.059999999999999998, 0.13, 0.14000000000000001, 0.089999999999999997, 0.050000000000000003, 0.059999999999999998, 0.070000000000000007, 0.080000000000000002, 0.089999999999999997] 
	ID_B 13.0 [len 10]: [0.059999999999999998, 0.11, 0.080000000000000002, 0.089999999999999997, 0.089999999999999997, 0.050000000000000003, 0.059999999999999998, 0.070000000000000007, 0.080000000000000002, 0.089999999999999997]


Models 12.0/14.0 
	ID_A 12.0 [len 10]: [0.12, 0.12, 0.11, 0.089999999999999997, 0.050000000000000003, 0.050000000000000003, 0.059999999999999998, 0.070000000000000007, 0.080000000000000002, 0.089999999999999997] 
	ID_B 14.0 [len 10]: [0.059999999999999998, 0.11, 0.080000000000000002, 0.089999999999999997, 0.089999999999999997, 0.050000000000000003, 0.059999999999999998, 0.070000000000000007, 0.080000000000000002, 0.089999999999999997]


Models 13.0/14.0 
	ID_A 13.0 [len 10]: [0.12, 0.12, 0.11, 0.089999999999999997, 0.050000000000000003, 0.050000000000000003, 0.059999999999999998, 0.070000000000000007, 0.080000000000000002, 0.089999999999999997] 
	ID_B 14.0 [len 10]: [0.089999999999999997, 0.059999999999999998, 0.13, 0.14000000000000001, 0.089999999999999997, 0.050000000000000003, 0.059999999999999998, 0.070000000000000007, 0.080000000000000002, 0.089999999999999997]


Models 15.0/16.0 
	ID_A 15.0 [len 10]: [0.050000000000000003, 0.11, 0.089999999999999997, 0.080000000000000002, 0.080000000000000002, 0.050000000000000003, 0.059999999999999998, 0.070000000000000007, 0.080000000000000002, 0.089999999999999997] 
	ID_B 16.0 [len 10]: [0.050000000000000003, 0.059999999999999998, 0.089999999999999997, 0.059999999999999998, 0.059999999999999998, 0.050000000000000003, 0.059999999999999998, 0.070000000000000007, 0.080000000000000002, 0.089999999999999997]


Models 11/14 
	ID_A 11 [len 10]: [0.12, 0.12, 0.11, 0.089999999999999997, 0.050000000000000003, 0.050000000000000003, 0.059999999999999998, 0.070000000000000007, 0.080000000000000002, 0.089999999999999997] 
	ID_B 14 [len 10]: [0.23000000000000001, 0.070000000000000007, 0.13, 0.14999999999999999, 0.12, 0.050000000000000003, 0.059999999999999998, 0.070000000000000007, 0.080000000000000002, 0.089999999999999997]


Models 5/8 
	ID_A 5 [len 10]: [0.23999999999999999, 0.089999999999999997, 0.059999999999999998, 0.12, 0.17999999999999999, 0.050000000000000003, 0.059999999999999998, 0.070000000000000007, 0.080000000000000002, 0.089999999999999997] 
	ID_B 8 [len 10]: [0.17999999999999999, 0.17000000000000001, 0.25, 0.17000000000000001, 0.22, 0.050000000000000003, 0.059999999999999998, 0.070000000000000007, 0.080000000000000002, 0.089999999999999997]


Models 1/4 
	ID_A 1 [len 10]: [0.46999999999999997, 0.14000000000000001, 0.25, 0.22, 0.69999999999999996, 0.050000000000000003, 0.059999999999999998, 0.070000000000000007, 0.080000000000000002, 0.089999999999999997] 
	ID_B 4 [len 10]: [0.63, 1.1299999999999999, 0.85999999999999999, 0.72999999999999998, 0.73999999999999999, 0.050000000000000003, 0.059999999999999998, 0.070000000000000007, 0.080000000000000002, 0.089999999999999997]


Models 8/9 
	ID_A 8 [len 10]: [0.080000000000000002, 0.23000000000000001, 0.12, 0.070000000000000007, 0.17000000000000001, 0.050000000000000003, 0.059999999999999998, 0.070000000000000007, 0.080000000000000002, 0.089999999999999997] 
	ID_B 9 [len 10]: [0.23999999999999999, 0.089999999999999997, 0.059999999999999998, 0.12, 0.17999999999999999, 0.050000000000000003, 0.059999999999999998, 0.070000000000000007, 0.080000000000000002, 0.089999999999999997]


Models 4/5 
	ID_A 4 [len 10]: [0.17999999999999999, 0.17000000000000001, 0.25, 0.17000000000000001, 0.22, 0.050000000000000003, 0.059999999999999998, 0.070000000000000007, 0.080000000000000002, 0.089999999999999997] 
	ID_B 5 [len 10]: [0.46999999999999997, 0.14000000000000001, 0.25, 0.22, 0.69999999999999996, 0.050000000000000003, 0.059999999999999998, 0.070000000000000007, 0.080000000000000002, 0.089999999999999997]


Models 9/11 
	ID_A 9 [len 10]: [0.23000000000000001, 0.070000000000000007, 0.13, 0.14999999999999999, 0.12, 0.050000000000000003, 0.059999999999999998, 0.070000000000000007, 0.080000000000000002, 0.089999999999999997] 
	ID_B 11 [len 10]: [0.080000000000000002, 0.23000000000000001, 0.12, 0.070000000000000007, 0.17000000000000001, 0.050000000000000003, 0.059999999999999998, 0.070000000000000007, 0.080000000000000002, 0.089999999999999997]


Models 14/15 
	ID_A 14 [len 10]: [0.050000000000000003, 0.059999999999999998, 0.089999999999999997, 0.059999999999999998, 0.059999999999999998, 0.050000000000000003, 0.059999999999999998, 0.070000000000000007, 0.080000000000000002, 0.089999999999999997] 
	ID_B 15 [len 10]: [0.12, 0.12, 0.11, 0.089999999999999997, 0.050000000000000003, 0.050000000000000003, 0.059999999999999998, 0.070000000000000007, 0.080000000000000002, 0.089999999999999997]


Models 15/17 
	ID_A 15 [len 10]: [0.070000000000000007, 0.10000000000000001, 0.089999999999999997, 0.059999999999999998, 0.080000000000000002, 0.050000000000000003, 0.059999999999999998, 0.070000000000000007, 0.080000000000000002, 0.089999999999999997] 
	ID_B 17 [len 10]: [0.050000000000000003, 0.059999999999999998, 0.089999999999999997, 0.059999999999999998, 0.059999999999999998, 0.050000000000000003, 0.059999999999999998, 0.070000000000000007, 0.080000000000000002, 0.089999999999999997]


Models 1.0/5.0 
	ID_A 1.0 [len 10]: [0.17999999999999999, 0.17000000000000001, 0.25, 0.17000000000000001, 0.22, 0.050000000000000003, 0.059999999999999998, 0.070000000000000007, 0.080000000000000002, 0.089999999999999997] 
	ID_B 5.0 [len 10]: [0.63, 1.1299999999999999, 0.85999999999999999, 0.72999999999999998, 0.73999999999999999, 0.050000000000000003, 0.059999999999999998, 0.070000000000000007, 0.080000000000000002, 0.089999999999999997]


Models 1.0/8.0 
	ID_A 1.0 [len 10]: [0.23999999999999999, 0.089999999999999997, 0.059999999999999998, 0.12, 0.17999999999999999, 0.050000000000000003, 0.059999999999999998, 0.070000000000000007, 0.080000000000000002, 0.089999999999999997] 
	ID_B 8.0 [len 10]: [0.63, 1.1299999999999999, 0.85999999999999999, 0.72999999999999998, 0.73999999999999999, 0.050000000000000003, 0.059999999999999998, 0.070000000000000007, 0.080000000000000002, 0.089999999999999997]


Models 1.0/9.0 
	ID_A 1.0 [len 10]: [0.080000000000000002, 0.23000000000000001, 0.12, 0.070000000000000007, 0.17000000000000001, 0.050000000000000003, 0.059999999999999998, 0.070000000000000007, 0.080000000000000002, 0.089999999999999997] 
	ID_B 9.0 [len 10]: [0.63, 1.1299999999999999, 0.85999999999999999, 0.72999999999999998, 0.73999999999999999, 0.050000000000000003, 0.059999999999999998, 0.070000000000000007, 0.080000000000000002, 0.089999999999999997]


Models 1.0/14.0 
	ID_A 1.0 [len 10]: [0.12, 0.12, 0.11, 0.089999999999999997, 0.050000000000000003, 0.050000000000000003, 0.059999999999999998, 0.070000000000000007, 0.080000000000000002, 0.089999999999999997] 
	ID_B 14.0 [len 10]: [0.63, 1.1299999999999999, 0.85999999999999999, 0.72999999999999998, 0.73999999999999999, 0.050000000000000003, 0.059999999999999998, 0.070000000000000007, 0.080000000000000002, 0.089999999999999997]


Models 1.0/15.0 
	ID_A 1.0 [len 10]: [0.050000000000000003, 0.059999999999999998, 0.089999999999999997, 0.059999999999999998, 0.059999999999999998, 0.050000000000000003, 0.059999999999999998, 0.070000000000000007, 0.080000000000000002, 0.089999999999999997] 
	ID_B 15.0 [len 10]: [0.63, 1.1299999999999999, 0.85999999999999999, 0.72999999999999998, 0.73999999999999999, 0.050000000000000003, 0.059999999999999998, 0.070000000000000007, 0.080000000000000002, 0.089999999999999997]


Models 1.0/11.0 
	ID_A 1.0 [len 10]: [0.23000000000000001, 0.070000000000000007, 0.13, 0.14999999999999999, 0.12, 0.050000000000000003, 0.059999999999999998, 0.070000000000000007, 0.080000000000000002, 0.089999999999999997] 
	ID_B 11.0 [len 10]: [0.63, 1.1299999999999999, 0.85999999999999999, 0.72999999999999998, 0.73999999999999999, 0.050000000000000003, 0.059999999999999998, 0.070000000000000007, 0.080000000000000002, 0.089999999999999997]


Models 1.0/17.0 
	ID_A 1.0 [len 10]: [0.070000000000000007, 0.10000000000000001, 0.089999999999999997, 0.059999999999999998, 0.080000000000000002, 0.050000000000000003, 0.059999999999999998, 0.070000000000000007, 0.080000000000000002, 0.089999999999999997] 
	ID_B 17.0 [len 10]: [0.63, 1.1299999999999999, 0.85999999999999999, 0.72999999999999998, 0.73999999999999999, 0.050000000000000003, 0.059999999999999998, 0.070000000000000007, 0.080000000000000002, 0.089999999999999997]


Models 5.0/15.0 
	ID_A 5.0 [len 10]: [0.050000000000000003, 0.059999999999999998, 0.089999999999999997, 0.059999999999999998, 0.059999999999999998, 0.050000000000000003, 0.059999999999999998, 0.070000000000000007, 0.080000000000000002, 0.089999999999999997] 
	ID_B 15.0 [len 10]: [0.17999999999999999, 0.17000000000000001, 0.25, 0.17000000000000001, 0.22, 0.050000000000000003, 0.059999999999999998, 0.070000000000000007, 0.080000000000000002, 0.089999999999999997]


Models 5.0/11.0 
	ID_A 5.0 [len 10]: [0.23000000000000001, 0.070000000000000007, 0.13, 0.14999999999999999, 0.12, 0.050000000000000003, 0.059999999999999998, 0.070000000000000007, 0.080000000000000002, 0.089999999999999997] 
	ID_B 11.0 [len 10]: [0.17999999999999999, 0.17000000000000001, 0.25, 0.17000000000000001, 0.22, 0.050000000000000003, 0.059999999999999998, 0.070000000000000007, 0.080000000000000002, 0.089999999999999997]


Models 5.0/14.0 
	ID_A 5.0 [len 10]: [0.12, 0.12, 0.11, 0.089999999999999997, 0.050000000000000003, 0.050000000000000003, 0.059999999999999998, 0.070000000000000007, 0.080000000000000002, 0.089999999999999997] 
	ID_B 14.0 [len 10]: [0.17999999999999999, 0.17000000000000001, 0.25, 0.17000000000000001, 0.22, 0.050000000000000003, 0.059999999999999998, 0.070000000000000007, 0.080000000000000002, 0.089999999999999997]


Models 5.0/9.0 
	ID_A 5.0 [len 10]: [0.080000000000000002, 0.23000000000000001, 0.12, 0.070000000000000007, 0.17000000000000001, 0.050000000000000003, 0.059999999999999998, 0.070000000000000007, 0.080000000000000002, 0.089999999999999997] 
	ID_B 9.0 [len 10]: [0.17999999999999999, 0.17000000000000001, 0.25, 0.17000000000000001, 0.22, 0.050000000000000003, 0.059999999999999998, 0.070000000000000007, 0.080000000000000002, 0.089999999999999997]


Models 5.0/17.0 
	ID_A 5.0 [len 10]: [0.070000000000000007, 0.10000000000000001, 0.089999999999999997, 0.059999999999999998, 0.080000000000000002, 0.050000000000000003, 0.059999999999999998, 0.070000000000000007, 0.080000000000000002, 0.089999999999999997] 
	ID_B 17.0 [len 10]: [0.17999999999999999, 0.17000000000000001, 0.25, 0.17000000000000001, 0.22, 0.050000000000000003, 0.059999999999999998, 0.070000000000000007, 0.080000000000000002, 0.089999999999999997]


Models 4.0/15.0 
	ID_A 4.0 [len 10]: [0.050000000000000003, 0.059999999999999998, 0.089999999999999997, 0.059999999999999998, 0.059999999999999998, 0.050000000000000003, 0.059999999999999998, 0.070000000000000007, 0.080000000000000002, 0.089999999999999997] 
	ID_B 15.0 [len 10]: [0.46999999999999997, 0.14000000000000001, 0.25, 0.22, 0.69999999999999996, 0.050000000000000003, 0.059999999999999998, 0.070000000000000007, 0.080000000000000002, 0.089999999999999997]


Models 4.0/11.0 
	ID_A 4.0 [len 10]: [0.23000000000000001, 0.070000000000000007, 0.13, 0.14999999999999999, 0.12, 0.050000000000000003, 0.059999999999999998, 0.070000000000000007, 0.080000000000000002, 0.089999999999999997] 
	ID_B 11.0 [len 10]: [0.46999999999999997, 0.14000000000000001, 0.25, 0.22, 0.69999999999999996, 0.050000000000000003, 0.059999999999999998, 0.070000000000000007, 0.080000000000000002, 0.089999999999999997]


Models 4.0/9.0 
	ID_A 4.0 [len 10]: [0.080000000000000002, 0.23000000000000001, 0.12, 0.070000000000000007, 0.17000000000000001, 0.050000000000000003, 0.059999999999999998, 0.070000000000000007, 0.080000000000000002, 0.089999999999999997] 
	ID_B 9.0 [len 10]: [0.46999999999999997, 0.14000000000000001, 0.25, 0.22, 0.69999999999999996, 0.050000000000000003, 0.059999999999999998, 0.070000000000000007, 0.080000000000000002, 0.089999999999999997]


Models 4.0/8.0 
	ID_A 4.0 [len 10]: [0.23999999999999999, 0.089999999999999997, 0.059999999999999998, 0.12, 0.17999999999999999, 0.050000000000000003, 0.059999999999999998, 0.070000000000000007, 0.080000000000000002, 0.089999999999999997] 
	ID_B 8.0 [len 10]: [0.46999999999999997, 0.14000000000000001, 0.25, 0.22, 0.69999999999999996, 0.050000000000000003, 0.059999999999999998, 0.070000000000000007, 0.080000000000000002, 0.089999999999999997]


Models 4.0/14.0 
	ID_A 4.0 [len 10]: [0.12, 0.12, 0.11, 0.089999999999999997, 0.050000000000000003, 0.050000000000000003, 0.059999999999999998, 0.070000000000000007, 0.080000000000000002, 0.089999999999999997] 
	ID_B 14.0 [len 10]: [0.46999999999999997, 0.14000000000000001, 0.25, 0.22, 0.69999999999999996, 0.050000000000000003, 0.059999999999999998, 0.070000000000000007, 0.080000000000000002, 0.089999999999999997]


Models 4.0/17.0 
	ID_A 4.0 [len 10]: [0.070000000000000007, 0.10000000000000001, 0.089999999999999997, 0.059999999999999998, 0.080000000000000002, 0.050000000000000003, 0.059999999999999998, 0.070000000000000007, 0.080000000000000002, 0.089999999999999997] 
	ID_B 17.0 [len 10]: [0.46999999999999997, 0.14000000000000001, 0.25, 0.22, 0.69999999999999996, 0.050000000000000003, 0.059999999999999998, 0.070000000000000007, 0.080000000000000002, 0.089999999999999997]


Models 15.0/11.0 
	ID_A 15.0 [len 10]: [0.23000000000000001, 0.070000000000000007, 0.13, 0.14999999999999999, 0.12, 0.050000000000000003, 0.059999999999999998, 0.070000000000000007, 0.080000000000000002, 0.089999999999999997] 
	ID_B 11.0 [len 10]: [0.050000000000000003, 0.059999999999999998, 0.089999999999999997, 0.059999999999999998, 0.059999999999999998, 0.050000000000000003, 0.059999999999999998, 0.070000000000000007, 0.080000000000000002, 0.089999999999999997]


Models 15.0/9.0 
	ID_A 15.0 [len 10]: [0.080000000000000002, 0.23000000000000001, 0.12, 0.070000000000000007, 0.17000000000000001, 0.050000000000000003, 0.059999999999999998, 0.070000000000000007, 0.080000000000000002, 0.089999999999999997] 
	ID_B 9.0 [len 10]: [0.050000000000000003, 0.059999999999999998, 0.089999999999999997, 0.059999999999999998, 0.059999999999999998, 0.050000000000000003, 0.059999999999999998, 0.070000000000000007, 0.080000000000000002, 0.089999999999999997]


Models 11.0/8.0 
	ID_A 11.0 [len 10]: [0.23999999999999999, 0.089999999999999997, 0.059999999999999998, 0.12, 0.17999999999999999, 0.050000000000000003, 0.059999999999999998, 0.070000000000000007, 0.080000000000000002, 0.089999999999999997] 
	ID_B 8.0 [len 10]: [0.23000000000000001, 0.070000000000000007, 0.13, 0.14999999999999999, 0.12, 0.050000000000000003, 0.059999999999999998, 0.070000000000000007, 0.080000000000000002, 0.089999999999999997]


Models 15.0/8.0 
	ID_A 15.0 [len 10]: [0.23999999999999999, 0.089999999999999997, 0.059999999999999998, 0.12, 0.17999999999999999, 0.050000000000000003, 0.059999999999999998, 0.070000000000000007, 0.080000000000000002, 0.089999999999999997] 
	ID_B 8.0 [len 10]: [0.050000000000000003, 0.059999999999999998, 0.089999999999999997, 0.059999999999999998, 0.059999999999999998, 0.050000000000000003, 0.059999999999999998, 0.070000000000000007, 0.080000000000000002, 0.089999999999999997]


Models 11.0/17.0 
	ID_A 11.0 [len 10]: [0.070000000000000007, 0.10000000000000001, 0.089999999999999997, 0.059999999999999998, 0.080000000000000002, 0.050000000000000003, 0.059999999999999998, 0.070000000000000007, 0.080000000000000002, 0.089999999999999997] 
	ID_B 17.0 [len 10]: [0.23000000000000001, 0.070000000000000007, 0.13, 0.14999999999999999, 0.12, 0.050000000000000003, 0.059999999999999998, 0.070000000000000007, 0.080000000000000002, 0.089999999999999997]


Models 9.0/14.0 
	ID_A 9.0 [len 10]: [0.12, 0.12, 0.11, 0.089999999999999997, 0.050000000000000003, 0.050000000000000003, 0.059999999999999998, 0.070000000000000007, 0.080000000000000002, 0.089999999999999997] 
	ID_B 14.0 [len 10]: [0.080000000000000002, 0.23000000000000001, 0.12, 0.070000000000000007, 0.17000000000000001, 0.050000000000000003, 0.059999999999999998, 0.070000000000000007, 0.080000000000000002, 0.089999999999999997]


Models 9.0/17.0 
	ID_A 9.0 [len 10]: [0.070000000000000007, 0.10000000000000001, 0.089999999999999997, 0.059999999999999998, 0.080000000000000002, 0.050000000000000003, 0.059999999999999998, 0.070000000000000007, 0.080000000000000002, 0.089999999999999997] 
	ID_B 17.0 [len 10]: [0.080000000000000002, 0.23000000000000001, 0.12, 0.070000000000000007, 0.17000000000000001, 0.050000000000000003, 0.059999999999999998, 0.070000000000000007, 0.080000000000000002, 0.089999999999999997]


Models 8.0/14.0 
	ID_A 8.0 [len 10]: [0.12, 0.12, 0.11, 0.089999999999999997, 0.050000000000000003, 0.050000000000000003, 0.059999999999999998, 0.070000000000000007, 0.080000000000000002, 0.089999999999999997] 
	ID_B 14.0 [len 10]: [0.23999999999999999, 0.089999999999999997, 0.059999999999999998, 0.12, 0.17999999999999999, 0.050000000000000003, 0.059999999999999998, 0.070000000000000007, 0.080000000000000002, 0.089999999999999997]


Models 8.0/17.0 
	ID_A 8.0 [len 10]: [0.070000000000000007, 0.10000000000000001, 0.089999999999999997, 0.059999999999999998, 0.080000000000000002, 0.050000000000000003, 0.059999999999999998, 0.070000000000000007, 0.080000000000000002, 0.089999999999999997] 
	ID_B 17.0 [len 10]: [0.23999999999999999, 0.089999999999999997, 0.059999999999999998, 0.12, 0.17999999999999999, 0.050000000000000003, 0.059999999999999998, 0.070000000000000007, 0.080000000000000002, 0.089999999999999997]


Models 14.0/17.0 
	ID_A 14.0 [len 10]: [0.070000000000000007, 0.10000000000000001, 0.089999999999999997, 0.059999999999999998, 0.080000000000000002, 0.050000000000000003, 0.059999999999999998, 0.070000000000000007, 0.080000000000000002, 0.089999999999999997] 
	ID_B 17.0 [len 10]: [0.12, 0.12, 0.11, 0.089999999999999997, 0.050000000000000003, 0.050000000000000003, 0.059999999999999998, 0.070000000000000007, 0.080000000000000002, 0.089999999999999997]


Models 11.0/8.0 
	ID_A 11.0 [len 10]: [0.23999999999999999, 0.089999999999999997, 0.059999999999999998, 0.12, 0.17999999999999999, 0.050000000000000003, 0.059999999999999998, 0.070000000000000007, 0.080000000000000002, 0.089999999999999997] 
	ID_B 8.0 [len 10]: [0.23000000000000001, 0.070000000000000007, 0.13, 0.14999999999999999, 0.12, 0.050000000000000003, 0.059999999999999998, 0.070000000000000007, 0.080000000000000002, 0.089999999999999997]
