

Models 1/2 
	ID_A 1 [len 10]: [0.57999999999999996, 2.5600000000000001, 0.65000000000000002, 1.3899999999999999, 0.51000000000000001, 0.050000000000000003, 0.059999999999999998, 0.070000000000000007, 0.080000000000000002, 0.089999999999999997] 
	ID_B 2 [len 10]: [0.93000000000000005, 0.82999999999999996, 2.4199999999999999, 0.68999999999999995, 0.40999999999999998, 0.050000000000000003, 0.059999999999999998, 0.070000000000000007, 0.080000000000000002, 0.089999999999999997]


Models 0/2 
	ID_A 0 [len 10]: [0.57999999999999996, 2.5600000000000001, 0.65000000000000002, 1.3899999999999999, 0.51000000000000001, 0.050000000000000003, 0.059999999999999998, 0.070000000000000007, 0.080000000000000002, 0.089999999999999997] 
	ID_B 2 [len 10]: [0.5, 2.4399999999999999, 3.6000000000000001, 0.90000000000000002, 0.33000000000000002, 0.050000000000000003, 0.059999999999999998, 0.070000000000000007, 0.080000000000000002, 0.089999999999999997]


Models 0/1 
	ID_A 0 [len 10]: [0.93000000000000005, 0.82999999999999996, 2.4199999999999999, 0.68999999999999995, 0.40999999999999998, 0.050000000000000003, 0.059999999999999998, 0.070000000000000007, 0.080000000000000002, 0.089999999999999997] 
	ID_B 1 [len 10]: [0.5, 2.4399999999999999, 3.6000000000000001, 0.90000000000000002, 0.33000000000000002, 0.050000000000000003, 0.059999999999999998, 0.070000000000000007, 0.080000000000000002, 0.089999999999999997]


Models 3.0/4.0 
	ID_A 3.0 [len 10]: [1.1399999999999999, 0.22, 0.25, 0.25, 0.19, 0.050000000000000003, 0.059999999999999998, 0.070000000000000007, 0.080000000000000002, 0.089999999999999997] 
	ID_B 4.0 [len 10]: [0.17000000000000001, 0.20000000000000001, 0.33000000000000002, 0.32000000000000001, 0.20999999999999999, 0.050000000000000003, 0.059999999999999998, 0.070000000000000007, 0.080000000000000002, 0.089999999999999997]


Models 7.0/8.0 
	ID_A 7.0 [len 10]: [0.25, 0.14000000000000001, 0.29999999999999999, 0.10000000000000001, 0.17000000000000001, 0.050000000000000003, 0.059999999999999998, 0.070000000000000007, 0.080000000000000002, 0.089999999999999997] 
	ID_B 8.0 [len 10]: [0.17999999999999999, 0.11, 0.17999999999999999, 0.17000000000000001, 0.39000000000000001, 0.050000000000000003, 0.059999999999999998, 0.070000000000000007, 0.080000000000000002, 0.089999999999999997]


Models 6.0/7.0 
	ID_A 6.0 [len 10]: [0.17999999999999999, 0.11, 0.17999999999999999, 0.17000000000000001, 0.39000000000000001, 0.050000000000000003, 0.059999999999999998, 0.070000000000000007, 0.080000000000000002, 0.089999999999999997] 
	ID_B 7.0 [len 10]: [0.11, 0.17999999999999999, 0.10000000000000001, 0.13, 0.10000000000000001, 0.050000000000000003, 0.059999999999999998, 0.070000000000000007, 0.080000000000000002, 0.089999999999999997]


Models 6.0/8.0 
	ID_A 6.0 [len 10]: [0.25, 0.14000000000000001, 0.29999999999999999, 0.10000000000000001, 0.17000000000000001, 0.050000000000000003, 0.059999999999999998, 0.070000000000000007, 0.080000000000000002, 0.089999999999999997] 
	ID_B 8.0 [len 10]: [0.11, 0.17999999999999999, 0.10000000000000001, 0.13, 0.10000000000000001, 0.050000000000000003, 0.059999999999999998, 0.070000000000000007, 0.080000000000000002, 0.089999999999999997]


Models 9.0/10.0 
	ID_A 9.0 [len 10]: [0.14000000000000001, 0.28999999999999998, 0.089999999999999997, 0.10000000000000001, 0.080000000000000002, 0.050000000000000003, 0.059999999999999998, 0.070000000000000007, 0.080000000000000002, 0.089999999999999997] 
	ID_B 10.0 [len 10]: [0.22, 0.070000000000000007, 0.14000000000000001, 0.10000000000000001, 0.089999999999999997, 0.050000000000000003, 0.059999999999999998, 0.070000000000000007, 0.080000000000000002, 0.089999999999999997]


Models 13.0/14.0 
	ID_A 13.0 [len 10]: [0.14000000000000001, 0.10000000000000001, 0.070000000000000007, 0.080000000000000002, 0.059999999999999998, 0.050000000000000003, 0.059999999999999998, 0.070000000000000007, 0.080000000000000002, 0.089999999999999997] 
	ID_B 14.0 [len 10]: [0.12, 0.11, 0.080000000000000002, 0.080000000000000002, 0.070000000000000007, 0.050000000000000003, 0.059999999999999998, 0.070000000000000007, 0.080000000000000002, 0.089999999999999997]


Models 12.0/13.0 
	ID_A 12.0 [len 10]: [0.12, 0.11, 0.080000000000000002, 0.080000000000000002, 0.070000000000000007, 0.050000000000000003, 0.059999999999999998, 0.070000000000000007, 0.080000000000000002, 0.089999999999999997] 
	ID_B 13.0 [len 10]: [0.059999999999999998, 0.14999999999999999, 0.070000000000000007, 0.059999999999999998, 0.059999999999999998, 0.050000000000000003, 0.059999999999999998, 0.070000000000000007, 0.080000000000000002, 0.089999999999999997]


Models 12.0/14.0 
	ID_A 12.0 [len 10]: [0.14000000000000001, 0.10000000000000001, 0.070000000000000007, 0.080000000000000002, 0.059999999999999998, 0.050000000000000003, 0.059999999999999998, 0.070000000000000007, 0.080000000000000002, 0.089999999999999997] 
	ID_B 14.0 [len 10]: [0.059999999999999998, 0.14999999999999999, 0.070000000000000007, 0.059999999999999998, 0.059999999999999998, 0.050000000000000003, 0.059999999999999998, 0.070000000000000007, 0.080000000000000002, 0.089999999999999997]


Models 15.0/16.0 
	ID_A 15.0 [len 10]: [0.050000000000000003, 0.13, 0.070000000000000007, 0.070000000000000007, 0.11, 0.050000000000000003, 0.059999999999999998, 0.070000000000000007, 0.080000000000000002, 0.089999999999999997] 
	ID_B 16.0 [len 10]: [0.080000000000000002, 0.070000000000000007, 0.089999999999999997, 0.070000000000000007, 0.080000000000000002, 0.050000000000000003, 0.059999999999999998, 0.070000000000000007, 0.080000000000000002, 0.089999999999999997]


Models 11/14 
	ID_A 11 [len 10]: [0.14000000000000001, 0.10000000000000001, 0.070000000000000007, 0.080000000000000002, 0.059999999999999998, 0.050000000000000003, 0.059999999999999998, 0.070000000000000007, 0.080000000000000002, 0.089999999999999997] 
	ID_B 14 [len 10]: [0.089999999999999997, 0.080000000000000002, 0.22, 0.13, 0.080000000000000002, 0.050000000000000003, 0.059999999999999998, 0.070000000000000007, 0.080000000000000002, 0.089999999999999997]


Models 2/3 
	ID_A 2 [len 10]: [0.17000000000000001, 0.20000000000000001, 0.33000000000000002, 0.32000000000000001, 0.20999999999999999, 0.050000000000000003, 0.059999999999999998, 0.070000000000000007, 0.080000000000000002, 0.089999999999999997] 
	ID_B 3 [len 10]: [0.57999999999999996, 2.5600000000000001, 0.65000000000000002, 1.3899999999999999, 0.51000000000000001, 0.050000000000000003, 0.059999999999999998, 0.070000000000000007, 0.080000000000000002, 0.089999999999999997]


Models 5/7 
	ID_A 5 [len 10]: [0.17999999999999999, 0.11, 0.17999999999999999, 0.17000000000000001, 0.39000000000000001, 0.050000000000000003, 0.059999999999999998, 0.070000000000000007, 0.080000000000000002, 0.089999999999999997] 
	ID_B 7 [len 10]: [0.13, 0.40999999999999998, 0.37, 2.1600000000000001, 0.17999999999999999, 0.050000000000000003, 0.059999999999999998, 0.070000000000000007, 0.080000000000000002, 0.089999999999999997]


Models 7/9 
	ID_A 7 [len 10]: [0.22, 0.070000000000000007, 0.14000000000000001, 0.10000000000000001, 0.089999999999999997, 0.050000000000000003, 0.059999999999999998, 0.070000000000000007, 0.080000000000000002, 0.089999999999999997] 
	ID_B 9 [len 10]: [0.17999999999999999, 0.11, 0.17999999999999999, 0.17000000000000001, 0.39000000000000001, 0.050000000000000003, 0.059999999999999998, 0.070000000000000007, 0.080000000000000002, 0.089999999999999997]


Models 9/11 
	ID_A 9 [len 10]: [0.089999999999999997, 0.080000000000000002, 0.22, 0.13, 0.080000000000000002, 0.050000000000000003, 0.059999999999999998, 0.070000000000000007, 0.080000000000000002, 0.089999999999999997] 
	ID_B 11 [len 10]: [0.22, 0.070000000000000007, 0.14000000000000001, 0.10000000000000001, 0.089999999999999997, 0.050000000000000003, 0.059999999999999998, 0.070000000000000007, 0.080000000000000002, 0.089999999999999997]


Models 3/5 
	ID_A 3 [len 10]: [0.13, 0.40999999999999998, 0.37, 2.1600000000000001, 0.17999999999999999, 0.050000000000000003, 0.059999999999999998, 0.070000000000000007, 0.080000000000000002, 0.089999999999999997] 
	ID_B 5 [len 10]: [0.17000000000000001, 0.20000000000000001, 0.33000000000000002, 0.32000000000000001, 0.20999999999999999, 0.050000000000000003, 0.059999999999999998, 0.070000000000000007, 0.080000000000000002, 0.089999999999999997]


Models 16/17 
	ID_A 16 [len 10]: [0.14000000000000001, 0.059999999999999998, 0.080000000000000002, 0.070000000000000007, 0.059999999999999998, 0.050000000000000003, 0.059999999999999998, 0.070000000000000007, 0.080000000000000002, 0.089999999999999997] 
	ID_B 17 [len 10]: [0.050000000000000003, 0.13, 0.070000000000000007, 0.070000000000000007, 0.11, 0.050000000000000003, 0.059999999999999998, 0.070000000000000007, 0.080000000000000002, 0.089999999999999997]


Models 14/16 
	ID_A 14 [len 10]: [0.050000000000000003, 0.13, 0.070000000000000007, 0.070000000000000007, 0.11, 0.050000000000000003, 0.059999999999999998, 0.070000000000000007, 0.080000000000000002, 0.089999999999999997] 
	ID_B 16 [len 10]: [0.14000000000000001, 0.10000000000000001, 0.070000000000000007, 0.080000000000000002, 0.059999999999999998, 0.050000000000000003, 0.059999999999999998, 0.070000000000000007, 0.080000000000000002, 0.089999999999999997]


Models 9.0/17.0 
	ID_A 9.0 [len 10]: [0.14000000000000001, 0.059999999999999998, 0.080000000000000002, 0.070000000000000007, 0.059999999999999998, 0.050000000000000003, 0.059999999999999998, 0.070000000000000007, 0.080000000000000002, 0.089999999999999997] 
	ID_B 17.0 [len 10]: [0.22, 0.070000000000000007, 0.14000000000000001, 0.10000000000000001, 0.089999999999999997, 0.050000000000000003, 0.059999999999999998, 0.070000000000000007, 0.080000000000000002, 0.089999999999999997]


Models 9.0/14.0 
	ID_A 9.0 [len 10]: [0.14000000000000001, 0.10000000000000001, 0.070000000000000007, 0.080000000000000002, 0.059999999999999998, 0.050000000000000003, 0.059999999999999998, 0.070000000000000007, 0.080000000000000002, 0.089999999999999997] 
	ID_B 14.0 [len 10]: [0.22, 0.070000000000000007, 0.14000000000000001, 0.10000000000000001, 0.089999999999999997, 0.050000000000000003, 0.059999999999999998, 0.070000000000000007, 0.080000000000000002, 0.089999999999999997]


Models 9.0/2.0 
	ID_A 9.0 [len 10]: [0.57999999999999996, 2.5600000000000001, 0.65000000000000002, 1.3899999999999999, 0.51000000000000001, 0.050000000000000003, 0.059999999999999998, 0.070000000000000007, 0.080000000000000002, 0.089999999999999997] 
	ID_B 2.0 [len 10]: [0.22, 0.070000000000000007, 0.14000000000000001, 0.10000000000000001, 0.089999999999999997, 0.050000000000000003, 0.059999999999999998, 0.070000000000000007, 0.080000000000000002, 0.089999999999999997]


Models 9.0/5.0 
	ID_A 9.0 [len 10]: [0.13, 0.40999999999999998, 0.37, 2.1600000000000001, 0.17999999999999999, 0.050000000000000003, 0.059999999999999998, 0.070000000000000007, 0.080000000000000002, 0.089999999999999997] 
	ID_B 5.0 [len 10]: [0.22, 0.070000000000000007, 0.14000000000000001, 0.10000000000000001, 0.089999999999999997, 0.050000000000000003, 0.059999999999999998, 0.070000000000000007, 0.080000000000000002, 0.089999999999999997]


Models 9.0/3.0 
	ID_A 9.0 [len 10]: [0.17000000000000001, 0.20000000000000001, 0.33000000000000002, 0.32000000000000001, 0.20999999999999999, 0.050000000000000003, 0.059999999999999998, 0.070000000000000007, 0.080000000000000002, 0.089999999999999997] 
	ID_B 3.0 [len 10]: [0.22, 0.070000000000000007, 0.14000000000000001, 0.10000000000000001, 0.089999999999999997, 0.050000000000000003, 0.059999999999999998, 0.070000000000000007, 0.080000000000000002, 0.089999999999999997]


Models 9.0/16.0 
	ID_A 9.0 [len 10]: [0.050000000000000003, 0.13, 0.070000000000000007, 0.070000000000000007, 0.11, 0.050000000000000003, 0.059999999999999998, 0.070000000000000007, 0.080000000000000002, 0.089999999999999997] 
	ID_B 16.0 [len 10]: [0.22, 0.070000000000000007, 0.14000000000000001, 0.10000000000000001, 0.089999999999999997, 0.050000000000000003, 0.059999999999999998, 0.070000000000000007, 0.080000000000000002, 0.089999999999999997]


Models 14.0/5.0 
	ID_A 14.0 [len 10]: [0.13, 0.40999999999999998, 0.37, 2.1600000000000001, 0.17999999999999999, 0.050000000000000003, 0.059999999999999998, 0.070000000000000007, 0.080000000000000002, 0.089999999999999997] 
	ID_B 5.0 [len 10]: [0.14000000000000001, 0.10000000000000001, 0.070000000000000007, 0.080000000000000002, 0.059999999999999998, 0.050000000000000003, 0.059999999999999998, 0.070000000000000007, 0.080000000000000002, 0.089999999999999997]


Models 14.0/2.0 
	ID_A 14.0 [len 10]: [0.57999999999999996, 2.5600000000000001, 0.65000000000000002, 1.3899999999999999, 0.51000000000000001, 0.050000000000000003, 0.059999999999999998, 0.070000000000000007, 0.080000000000000002, 0.089999999999999997] 
	ID_B 2.0 [len 10]: [0.14000000000000001, 0.10000000000000001, 0.070000000000000007, 0.080000000000000002, 0.059999999999999998, 0.050000000000000003, 0.059999999999999998, 0.070000000000000007, 0.080000000000000002, 0.089999999999999997]


Models 14.0/17.0 
	ID_A 14.0 [len 10]: [0.14000000000000001, 0.059999999999999998, 0.080000000000000002, 0.070000000000000007, 0.059999999999999998, 0.050000000000000003, 0.059999999999999998, 0.070000000000000007, 0.080000000000000002, 0.089999999999999997] 
	ID_B 17.0 [len 10]: [0.14000000000000001, 0.10000000000000001, 0.070000000000000007, 0.080000000000000002, 0.059999999999999998, 0.050000000000000003, 0.059999999999999998, 0.070000000000000007, 0.080000000000000002, 0.089999999999999997]


Models 14.0/3.0 
	ID_A 14.0 [len 10]: [0.17000000000000001, 0.20000000000000001, 0.33000000000000002, 0.32000000000000001, 0.20999999999999999, 0.050000000000000003, 0.059999999999999998, 0.070000000000000007, 0.080000000000000002, 0.089999999999999997] 
	ID_B 3.0 [len 10]: [0.14000000000000001, 0.10000000000000001, 0.070000000000000007, 0.080000000000000002, 0.059999999999999998, 0.050000000000000003, 0.059999999999999998, 0.070000000000000007, 0.080000000000000002, 0.089999999999999997]


Models 5.0/2.0 
	ID_A 5.0 [len 10]: [0.57999999999999996, 2.5600000000000001, 0.65000000000000002, 1.3899999999999999, 0.51000000000000001, 0.050000000000000003, 0.059999999999999998, 0.070000000000000007, 0.080000000000000002, 0.089999999999999997] 
	ID_B 2.0 [len 10]: [0.13, 0.40999999999999998, 0.37, 2.1600000000000001, 0.17999999999999999, 0.050000000000000003, 0.059999999999999998, 0.070000000000000007, 0.080000000000000002, 0.089999999999999997]


Models 5.0/11.0 
	ID_A 5.0 [len 10]: [0.089999999999999997, 0.080000000000000002, 0.22, 0.13, 0.080000000000000002, 0.050000000000000003, 0.059999999999999998, 0.070000000000000007, 0.080000000000000002, 0.089999999999999997] 
	ID_B 11.0 [len 10]: [0.13, 0.40999999999999998, 0.37, 2.1600000000000001, 0.17999999999999999, 0.050000000000000003, 0.059999999999999998, 0.070000000000000007, 0.080000000000000002, 0.089999999999999997]


Models 5.0/17.0 
	ID_A 5.0 [len 10]: [0.14000000000000001, 0.059999999999999998, 0.080000000000000002, 0.070000000000000007, 0.059999999999999998, 0.050000000000000003, 0.059999999999999998, 0.070000000000000007, 0.080000000000000002, 0.089999999999999997] 
	ID_B 17.0 [len 10]: [0.13, 0.40999999999999998, 0.37, 2.1600000000000001, 0.17999999999999999, 0.050000000000000003, 0.059999999999999998, 0.070000000000000007, 0.080000000000000002, 0.089999999999999997]


Models 16.0/3.0 
	ID_A 16.0 [len 10]: [0.17000000000000001, 0.20000000000000001, 0.33000000000000002, 0.32000000000000001, 0.20999999999999999, 0.050000000000000003, 0.059999999999999998, 0.070000000000000007, 0.080000000000000002, 0.089999999999999997] 
	ID_B 3.0 [len 10]: [0.050000000000000003, 0.13, 0.070000000000000007, 0.070000000000000007, 0.11, 0.050000000000000003, 0.059999999999999998, 0.070000000000000007, 0.080000000000000002, 0.089999999999999997]


Models 14.0/7.0 
	ID_A 14.0 [len 10]: [0.17999999999999999, 0.11, 0.17999999999999999, 0.17000000000000001, 0.39000000000000001, 0.050000000000000003, 0.059999999999999998, 0.070000000000000007, 0.080000000000000002, 0.089999999999999997] 
	ID_B 7.0 [len 10]: [0.14000000000000001, 0.10000000000000001, 0.070000000000000007, 0.080000000000000002, 0.059999999999999998, 0.050000000000000003, 0.059999999999999998, 0.070000000000000007, 0.080000000000000002, 0.089999999999999997]


Models 5.0/16.0 
	ID_A 5.0 [len 10]: [0.050000000000000003, 0.13, 0.070000000000000007, 0.070000000000000007, 0.11, 0.050000000000000003, 0.059999999999999998, 0.070000000000000007, 0.080000000000000002, 0.089999999999999997] 
	ID_B 16.0 [len 10]: [0.13, 0.40999999999999998, 0.37, 2.1600000000000001, 0.17999999999999999, 0.050000000000000003, 0.059999999999999998, 0.070000000000000007, 0.080000000000000002, 0.089999999999999997]


Models 16.0/2.0 
	ID_A 16.0 [len 10]: [0.57999999999999996, 2.5600000000000001, 0.65000000000000002, 1.3899999999999999, 0.51000000000000001, 0.050000000000000003, 0.059999999999999998, 0.070000000000000007, 0.080000000000000002, 0.089999999999999997] 
	ID_B 2.0 [len 10]: [0.050000000000000003, 0.13, 0.070000000000000007, 0.070000000000000007, 0.11, 0.050000000000000003, 0.059999999999999998, 0.070000000000000007, 0.080000000000000002, 0.089999999999999997]


Models 16.0/11.0 
	ID_A 16.0 [len 10]: [0.089999999999999997, 0.080000000000000002, 0.22, 0.13, 0.080000000000000002, 0.050000000000000003, 0.059999999999999998, 0.070000000000000007, 0.080000000000000002, 0.089999999999999997] 
	ID_B 11.0 [len 10]: [0.050000000000000003, 0.13, 0.070000000000000007, 0.070000000000000007, 0.11, 0.050000000000000003, 0.059999999999999998, 0.070000000000000007, 0.080000000000000002, 0.089999999999999997]


Models 16.0/7.0 
	ID_A 16.0 [len 10]: [0.17999999999999999, 0.11, 0.17999999999999999, 0.17000000000000001, 0.39000000000000001, 0.050000000000000003, 0.059999999999999998, 0.070000000000000007, 0.080000000000000002, 0.089999999999999997] 
	ID_B 7.0 [len 10]: [0.050000000000000003, 0.13, 0.070000000000000007, 0.070000000000000007, 0.11, 0.050000000000000003, 0.059999999999999998, 0.070000000000000007, 0.080000000000000002, 0.089999999999999997]


Models 3.0/11.0 
	ID_A 3.0 [len 10]: [0.089999999999999997, 0.080000000000000002, 0.22, 0.13, 0.080000000000000002, 0.050000000000000003, 0.059999999999999998, 0.070000000000000007, 0.080000000000000002, 0.089999999999999997] 
	ID_B 11.0 [len 10]: [0.17000000000000001, 0.20000000000000001, 0.33000000000000002, 0.32000000000000001, 0.20999999999999999, 0.050000000000000003, 0.059999999999999998, 0.070000000000000007, 0.080000000000000002, 0.089999999999999997]


Models 3.0/17.0 
	ID_A 3.0 [len 10]: [0.14000000000000001, 0.059999999999999998, 0.080000000000000002, 0.070000000000000007, 0.059999999999999998, 0.050000000000000003, 0.059999999999999998, 0.070000000000000007, 0.080000000000000002, 0.089999999999999997] 
	ID_B 17.0 [len 10]: [0.17000000000000001, 0.20000000000000001, 0.33000000000000002, 0.32000000000000001, 0.20999999999999999, 0.050000000000000003, 0.059999999999999998, 0.070000000000000007, 0.080000000000000002, 0.089999999999999997]


Models 3.0/7.0 
	ID_A 3.0 [len 10]: [0.17999999999999999, 0.11, 0.17999999999999999, 0.17000000000000001, 0.39000000000000001, 0.050000000000000003, 0.059999999999999998, 0.070000000000000007, 0.080000000000000002, 0.089999999999999997] 
	ID_B 7.0 [len 10]: [0.17000000000000001, 0.20000000000000001, 0.33000000000000002, 0.32000000000000001, 0.20999999999999999, 0.050000000000000003, 0.059999999999999998, 0.070000000000000007, 0.080000000000000002, 0.089999999999999997]


Models 2.0/11.0 
	ID_A 2.0 [len 10]: [0.089999999999999997, 0.080000000000000002, 0.22, 0.13, 0.080000000000000002, 0.050000000000000003, 0.059999999999999998, 0.070000000000000007, 0.080000000000000002, 0.089999999999999997] 
	ID_B 11.0 [len 10]: [0.57999999999999996, 2.5600000000000001, 0.65000000000000002, 1.3899999999999999, 0.51000000000000001, 0.050000000000000003, 0.059999999999999998, 0.070000000000000007, 0.080000000000000002, 0.089999999999999997]


Models 2.0/17.0 
	ID_A 2.0 [len 10]: [0.14000000000000001, 0.059999999999999998, 0.080000000000000002, 0.070000000000000007, 0.059999999999999998, 0.050000000000000003, 0.059999999999999998, 0.070000000000000007, 0.080000000000000002, 0.089999999999999997] 
	ID_B 17.0 [len 10]: [0.57999999999999996, 2.5600000000000001, 0.65000000000000002, 1.3899999999999999, 0.51000000000000001, 0.050000000000000003, 0.059999999999999998, 0.070000000000000007, 0.080000000000000002, 0.089999999999999997]


Models 2.0/7.0 
	ID_A 2.0 [len 10]: [0.17999999999999999, 0.11, 0.17999999999999999, 0.17000000000000001, 0.39000000000000001, 0.050000000000000003, 0.059999999999999998, 0.070000000000000007, 0.080000000000000002, 0.089999999999999997] 
	ID_B 7.0 [len 10]: [0.57999999999999996, 2.5600000000000001, 0.65000000000000002, 1.3899999999999999, 0.51000000000000001, 0.050000000000000003, 0.059999999999999998, 0.070000000000000007, 0.080000000000000002, 0.089999999999999997]


Models 11.0/17.0 
	ID_A 11.0 [len 10]: [0.14000000000000001, 0.059999999999999998, 0.080000000000000002, 0.070000000000000007, 0.059999999999999998, 0.050000000000000003, 0.059999999999999998, 0.070000000000000007, 0.080000000000000002, 0.089999999999999997] 
	ID_B 17.0 [len 10]: [0.089999999999999997, 0.080000000000000002, 0.22, 0.13, 0.080000000000000002, 0.050000000000000003, 0.059999999999999998, 0.070000000000000007, 0.080000000000000002, 0.089999999999999997]


Models 11.0/7.0 
	ID_A 11.0 [len 10]: [0.17999999999999999, 0.11, 0.17999999999999999, 0.17000000000000001, 0.39000000000000001, 0.050000000000000003, 0.059999999999999998, 0.070000000000000007, 0.080000000000000002, 0.089999999999999997] 
	ID_B 7.0 [len 10]: [0.089999999999999997, 0.080000000000000002, 0.22, 0.13, 0.080000000000000002, 0.050000000000000003, 0.059999999999999998, 0.070000000000000007, 0.080000000000000002, 0.089999999999999997]


Models 17.0/7.0 
	ID_A 17.0 [len 10]: [0.17999999999999999, 0.11, 0.17999999999999999, 0.17000000000000001, 0.39000000000000001, 0.050000000000000003, 0.059999999999999998, 0.070000000000000007, 0.080000000000000002, 0.089999999999999997] 
	ID_B 7.0 [len 10]: [0.14000000000000001, 0.059999999999999998, 0.080000000000000002, 0.070000000000000007, 0.059999999999999998, 0.050000000000000003, 0.059999999999999998, 0.070000000000000007, 0.080000000000000002, 0.089999999999999997]
