

Models 1/2 
	ID_A 1 [len 10]: [1.3999999999999999, 0.37, 0.67000000000000004, 0.42999999999999999, 2.1200000000000001, 0.050000000000000003, 0.059999999999999998, 0.070000000000000007, 0.080000000000000002, 0.089999999999999997] 
	ID_B 2 [len 10]: [0.37, 0.70999999999999996, 0.20999999999999999, 0.92000000000000004, 1.3799999999999999, 0.050000000000000003, 0.059999999999999998, 0.070000000000000007, 0.080000000000000002, 0.089999999999999997]


Models 0/2 
	ID_A 0 [len 10]: [1.3999999999999999, 0.37, 0.67000000000000004, 0.42999999999999999, 2.1200000000000001, 0.050000000000000003, 0.059999999999999998, 0.070000000000000007, 0.080000000000000002, 0.089999999999999997] 
	ID_B 2 [len 10]: [0.40999999999999998, 0.65000000000000002, 0.45000000000000001, 0.28000000000000003, 0.31, 0.050000000000000003, 0.059999999999999998, 0.070000000000000007, 0.080000000000000002, 0.089999999999999997]


Models 0/1 
	ID_A 0 [len 10]: [0.37, 0.70999999999999996, 0.20999999999999999, 0.92000000000000004, 1.3799999999999999, 0.050000000000000003, 0.059999999999999998, 0.070000000000000007, 0.080000000000000002, 0.089999999999999997] 
	ID_B 1 [len 10]: [0.40999999999999998, 0.65000000000000002, 0.45000000000000001, 0.28000000000000003, 0.31, 0.050000000000000003, 0.059999999999999998, 0.070000000000000007, 0.080000000000000002, 0.089999999999999997]


Models 3.0/4.0 
	ID_A 3.0 [len 10]: [0.17000000000000001, 0.63, 1.79, 0.20000000000000001, 0.31, 0.050000000000000003, 0.059999999999999998, 0.070000000000000007, 0.080000000000000002, 0.089999999999999997] 
	ID_B 4.0 [len 10]: [0.25, 1.49, 0.28999999999999998, 0.56999999999999995, 0.48999999999999999, 0.050000000000000003, 0.059999999999999998, 0.070000000000000007, 0.080000000000000002, 0.089999999999999997]


Models 7.0/8.0 
	ID_A 7.0 [len 10]: [0.10000000000000001, 0.12, 0.10000000000000001, 0.23000000000000001, 0.13, 0.050000000000000003, 0.059999999999999998, 0.070000000000000007, 0.080000000000000002, 0.089999999999999997] 
	ID_B 8.0 [len 10]: [0.22, 0.12, 0.13, 0.20999999999999999, 0.20000000000000001, 0.050000000000000003, 0.059999999999999998, 0.070000000000000007, 0.080000000000000002, 0.089999999999999997]


Models 6.0/7.0 
	ID_A 6.0 [len 10]: [0.22, 0.12, 0.13, 0.20999999999999999, 0.20000000000000001, 0.050000000000000003, 0.059999999999999998, 0.070000000000000007, 0.080000000000000002, 0.089999999999999997] 
	ID_B 7.0 [len 10]: [0.089999999999999997, 0.14000000000000001, 0.14999999999999999, 0.23000000000000001, 0.10000000000000001, 0.050000000000000003, 0.059999999999999998, 0.070000000000000007, 0.080000000000000002, 0.089999999999999997]


Models 6.0/8.0 
	ID_A 6.0 [len 10]: [0.10000000000000001, 0.12, 0.10000000000000001, 0.23000000000000001, 0.13, 0.050000000000000003, 0.059999999999999998, 0.070000000000000007, 0.080000000000000002, 0.089999999999999997] 
	ID_B 8.0 [len 10]: [0.089999999999999997, 0.14000000000000001, 0.14999999999999999, 0.23000000000000001, 0.10000000000000001, 0.050000000000000003, 0.059999999999999998, 0.070000000000000007, 0.080000000000000002, 0.089999999999999997]


Models 9.0/10.0 
	ID_A 9.0 [len 10]: [0.11, 0.12, 0.22, 0.28000000000000003, 0.089999999999999997, 0.050000000000000003, 0.059999999999999998, 0.070000000000000007, 0.080000000000000002, 0.089999999999999997] 
	ID_B 10.0 [len 10]: [0.11, 0.13, 0.13, 0.23000000000000001, 0.12, 0.050000000000000003, 0.059999999999999998, 0.070000000000000007, 0.080000000000000002, 0.089999999999999997]


Models 13.0/14.0 
	ID_A 13.0 [len 10]: [0.070000000000000007, 0.050000000000000003, 0.10000000000000001, 0.059999999999999998, 0.13, 0.050000000000000003, 0.059999999999999998, 0.070000000000000007, 0.080000000000000002, 0.089999999999999997] 
	ID_B 14.0 [len 10]: [0.089999999999999997, 0.059999999999999998, 0.089999999999999997, 0.20999999999999999, 0.10000000000000001, 0.050000000000000003, 0.059999999999999998, 0.070000000000000007, 0.080000000000000002, 0.089999999999999997]


Models 12.0/13.0 
	ID_A 12.0 [len 10]: [0.089999999999999997, 0.059999999999999998, 0.089999999999999997, 0.20999999999999999, 0.10000000000000001, 0.050000000000000003, 0.059999999999999998, 0.070000000000000007, 0.080000000000000002, 0.089999999999999997] 
	ID_B 13.0 [len 10]: [0.20999999999999999, 0.080000000000000002, 0.17999999999999999, 0.12, 0.070000000000000007, 0.050000000000000003, 0.059999999999999998, 0.070000000000000007, 0.080000000000000002, 0.089999999999999997]


Models 12.0/14.0 
	ID_A 12.0 [len 10]: [0.070000000000000007, 0.050000000000000003, 0.10000000000000001, 0.059999999999999998, 0.13, 0.050000000000000003, 0.059999999999999998, 0.070000000000000007, 0.080000000000000002, 0.089999999999999997] 
	ID_B 14.0 [len 10]: [0.20999999999999999, 0.080000000000000002, 0.17999999999999999, 0.12, 0.070000000000000007, 0.050000000000000003, 0.059999999999999998, 0.070000000000000007, 0.080000000000000002, 0.089999999999999997]


Models 15.0/16.0 
	ID_A 15.0 [len 10]: [0.070000000000000007, 0.19, 0.13, 0.059999999999999998, 0.050000000000000003, 0.050000000000000003, 0.059999999999999998, 0.070000000000000007, 0.080000000000000002, 0.089999999999999997] 
	ID_B 16.0 [len 10]: [0.070000000000000007, 0.070000000000000007, 0.089999999999999997, 0.059999999999999998, 0.10000000000000001, 0.050000000000000003, 0.059999999999999998, 0.070000000000000007, 0.080000000000000002, 0.089999999999999997]


Models 4/5 
	ID_A 4 [len 10]: [0.19, 0.11, 0.14000000000000001, 1.3, 0.14000000000000001, 0.050000000000000003, 0.059999999999999998, 0.070000000000000007, 0.080000000000000002, 0.089999999999999997] 
	ID_B 5 [len 10]: [0.17000000000000001, 0.63, 1.79, 0.20000000000000001, 0.31, 0.050000000000000003, 0.059999999999999998, 0.070000000000000007, 0.080000000000000002, 0.089999999999999997]


Models 2/4 
	ID_A 2 [len 10]: [0.17000000000000001, 0.63, 1.79, 0.20000000000000001, 0.31, 0.050000000000000003, 0.059999999999999998, 0.070000000000000007, 0.080000000000000002, 0.089999999999999997] 
	ID_B 4 [len 10]: [1.3999999999999999, 0.37, 0.67000000000000004, 0.42999999999999999, 2.1200000000000001, 0.050000000000000003, 0.059999999999999998, 0.070000000000000007, 0.080000000000000002, 0.089999999999999997]


Models 11/12 
	ID_A 11 [len 10]: [0.20999999999999999, 0.080000000000000002, 0.17999999999999999, 0.12, 0.070000000000000007, 0.050000000000000003, 0.059999999999999998, 0.070000000000000007, 0.080000000000000002, 0.089999999999999997] 
	ID_B 12 [len 10]: [0.080000000000000002, 0.11, 0.12, 0.080000000000000002, 0.17000000000000001, 0.050000000000000003, 0.059999999999999998, 0.070000000000000007, 0.080000000000000002, 0.089999999999999997]


Models 9/11 
	ID_A 9 [len 10]: [0.080000000000000002, 0.11, 0.12, 0.080000000000000002, 0.17000000000000001, 0.050000000000000003, 0.059999999999999998, 0.070000000000000007, 0.080000000000000002, 0.089999999999999997] 
	ID_B 11 [len 10]: [0.11, 0.13, 0.13, 0.23000000000000001, 0.12, 0.050000000000000003, 0.059999999999999998, 0.070000000000000007, 0.080000000000000002, 0.089999999999999997]


Models 8/9 
	ID_A 8 [len 10]: [0.11, 0.13, 0.13, 0.23000000000000001, 0.12, 0.050000000000000003, 0.059999999999999998, 0.070000000000000007, 0.080000000000000002, 0.089999999999999997] 
	ID_B 9 [len 10]: [0.10000000000000001, 0.12, 0.10000000000000001, 0.23000000000000001, 0.13, 0.050000000000000003, 0.059999999999999998, 0.070000000000000007, 0.080000000000000002, 0.089999999999999997]


Models 5/8 
	ID_A 5 [len 10]: [0.10000000000000001, 0.12, 0.10000000000000001, 0.23000000000000001, 0.13, 0.050000000000000003, 0.059999999999999998, 0.070000000000000007, 0.080000000000000002, 0.089999999999999997] 
	ID_B 8 [len 10]: [0.19, 0.11, 0.14000000000000001, 1.3, 0.14000000000000001, 0.050000000000000003, 0.059999999999999998, 0.070000000000000007, 0.080000000000000002, 0.089999999999999997]


Models 16/17 
	ID_A 16 [len 10]: [0.089999999999999997, 0.080000000000000002, 0.080000000000000002, 0.059999999999999998, 0.059999999999999998, 0.050000000000000003, 0.059999999999999998, 0.070000000000000007, 0.080000000000000002, 0.089999999999999997] 
	ID_B 17 [len 10]: [0.070000000000000007, 0.19, 0.13, 0.059999999999999998, 0.050000000000000003, 0.050000000000000003, 0.059999999999999998, 0.070000000000000007, 0.080000000000000002, 0.089999999999999997]


Models 12/16 
	ID_A 12 [len 10]: [0.070000000000000007, 0.19, 0.13, 0.059999999999999998, 0.050000000000000003, 0.050000000000000003, 0.059999999999999998, 0.070000000000000007, 0.080000000000000002, 0.089999999999999997] 
	ID_B 16 [len 10]: [0.20999999999999999, 0.080000000000000002, 0.17999999999999999, 0.12, 0.070000000000000007, 0.050000000000000003, 0.059999999999999998, 0.070000000000000007, 0.080000000000000002, 0.089999999999999997]


Models 2.0/12.0 
	ID_A 2.0 [len 10]: [0.20999999999999999, 0.080000000000000002, 0.17999999999999999, 0.12, 0.070000000000000007, 0.050000000000000003, 0.059999999999999998, 0.070000000000000007, 0.080000000000000002, 0.089999999999999997] 
	ID_B 12.0 [len 10]: [1.3999999999999999, 0.37, 0.67000000000000004, 0.42999999999999999, 2.1200000000000001, 0.050000000000000003, 0.059999999999999998, 0.070000000000000007, 0.080000000000000002, 0.089999999999999997]


Models 2.0/9.0 
	ID_A 2.0 [len 10]: [0.11, 0.13, 0.13, 0.23000000000000001, 0.12, 0.050000000000000003, 0.059999999999999998, 0.070000000000000007, 0.080000000000000002, 0.089999999999999997] 
	ID_B 9.0 [len 10]: [1.3999999999999999, 0.37, 0.67000000000000004, 0.42999999999999999, 2.1200000000000001, 0.050000000000000003, 0.059999999999999998, 0.070000000000000007, 0.080000000000000002, 0.089999999999999997]


Models 2.0/16.0 
	ID_A 2.0 [len 10]: [0.070000000000000007, 0.19, 0.13, 0.059999999999999998, 0.050000000000000003, 0.050000000000000003, 0.059999999999999998, 0.070000000000000007, 0.080000000000000002, 0.089999999999999997] 
	ID_B 16.0 [len 10]: [1.3999999999999999, 0.37, 0.67000000000000004, 0.42999999999999999, 2.1200000000000001, 0.050000000000000003, 0.059999999999999998, 0.070000000000000007, 0.080000000000000002, 0.089999999999999997]


Models 2.0/11.0 
	ID_A 2.0 [len 10]: [0.080000000000000002, 0.11, 0.12, 0.080000000000000002, 0.17000000000000001, 0.050000000000000003, 0.059999999999999998, 0.070000000000000007, 0.080000000000000002, 0.089999999999999997] 
	ID_B 11.0 [len 10]: [1.3999999999999999, 0.37, 0.67000000000000004, 0.42999999999999999, 2.1200000000000001, 0.050000000000000003, 0.059999999999999998, 0.070000000000000007, 0.080000000000000002, 0.089999999999999997]


Models 2.0/8.0 
	ID_A 2.0 [len 10]: [0.10000000000000001, 0.12, 0.10000000000000001, 0.23000000000000001, 0.13, 0.050000000000000003, 0.059999999999999998, 0.070000000000000007, 0.080000000000000002, 0.089999999999999997] 
	ID_B 8.0 [len 10]: [1.3999999999999999, 0.37, 0.67000000000000004, 0.42999999999999999, 2.1200000000000001, 0.050000000000000003, 0.059999999999999998, 0.070000000000000007, 0.080000000000000002, 0.089999999999999997]


Models 2.0/17.0 
	ID_A 2.0 [len 10]: [0.089999999999999997, 0.080000000000000002, 0.080000000000000002, 0.059999999999999998, 0.059999999999999998, 0.050000000000000003, 0.059999999999999998, 0.070000000000000007, 0.080000000000000002, 0.089999999999999997] 
	ID_B 17.0 [len 10]: [1.3999999999999999, 0.37, 0.67000000000000004, 0.42999999999999999, 2.1200000000000001, 0.050000000000000003, 0.059999999999999998, 0.070000000000000007, 0.080000000000000002, 0.089999999999999997]


Models 2.0/5.0 
	ID_A 2.0 [len 10]: [0.19, 0.11, 0.14000000000000001, 1.3, 0.14000000000000001, 0.050000000000000003, 0.059999999999999998, 0.070000000000000007, 0.080000000000000002, 0.089999999999999997] 
	ID_B 5.0 [len 10]: [1.3999999999999999, 0.37, 0.67000000000000004, 0.42999999999999999, 2.1200000000000001, 0.050000000000000003, 0.059999999999999998, 0.070000000000000007, 0.080000000000000002, 0.089999999999999997]


Models 12.0/8.0 
	ID_A 12.0 [len 10]: [0.10000000000000001, 0.12, 0.10000000000000001, 0.23000000000000001, 0.13, 0.050000000000000003, 0.059999999999999998, 0.070000000000000007, 0.080000000000000002, 0.089999999999999997] 
	ID_B 8.0 [len 10]: [0.20999999999999999, 0.080000000000000002, 0.17999999999999999, 0.12, 0.070000000000000007, 0.050000000000000003, 0.059999999999999998, 0.070000000000000007, 0.080000000000000002, 0.089999999999999997]


Models 12.0/17.0 
	ID_A 12.0 [len 10]: [0.089999999999999997, 0.080000000000000002, 0.080000000000000002, 0.059999999999999998, 0.059999999999999998, 0.050000000000000003, 0.059999999999999998, 0.070000000000000007, 0.080000000000000002, 0.089999999999999997] 
	ID_B 17.0 [len 10]: [0.20999999999999999, 0.080000000000000002, 0.17999999999999999, 0.12, 0.070000000000000007, 0.050000000000000003, 0.059999999999999998, 0.070000000000000007, 0.080000000000000002, 0.089999999999999997]


Models 12.0/9.0 
	ID_A 12.0 [len 10]: [0.11, 0.13, 0.13, 0.23000000000000001, 0.12, 0.050000000000000003, 0.059999999999999998, 0.070000000000000007, 0.080000000000000002, 0.089999999999999997] 
	ID_B 9.0 [len 10]: [0.20999999999999999, 0.080000000000000002, 0.17999999999999999, 0.12, 0.070000000000000007, 0.050000000000000003, 0.059999999999999998, 0.070000000000000007, 0.080000000000000002, 0.089999999999999997]


Models 12.0/4.0 
	ID_A 12.0 [len 10]: [0.17000000000000001, 0.63, 1.79, 0.20000000000000001, 0.31, 0.050000000000000003, 0.059999999999999998, 0.070000000000000007, 0.080000000000000002, 0.089999999999999997] 
	ID_B 4.0 [len 10]: [0.20999999999999999, 0.080000000000000002, 0.17999999999999999, 0.12, 0.070000000000000007, 0.050000000000000003, 0.059999999999999998, 0.070000000000000007, 0.080000000000000002, 0.089999999999999997]


Models 12.0/5.0 
	ID_A 12.0 [len 10]: [0.19, 0.11, 0.14000000000000001, 1.3, 0.14000000000000001, 0.050000000000000003, 0.059999999999999998, 0.070000000000000007, 0.080000000000000002, 0.089999999999999997] 
	ID_B 5.0 [len 10]: [0.20999999999999999, 0.080000000000000002, 0.17999999999999999, 0.12, 0.070000000000000007, 0.050000000000000003, 0.059999999999999998, 0.070000000000000007, 0.080000000000000002, 0.089999999999999997]


Models 11.0/8.0 
	ID_A 11.0 [len 10]: [0.10000000000000001, 0.12, 0.10000000000000001, 0.23000000000000001, 0.13, 0.050000000000000003, 0.059999999999999998, 0.070000000000000007, 0.080000000000000002, 0.089999999999999997] 
	ID_B 8.0 [len 10]: [0.080000000000000002, 0.11, 0.12, 0.080000000000000002, 0.17000000000000001, 0.050000000000000003, 0.059999999999999998, 0.070000000000000007, 0.080000000000000002, 0.089999999999999997]


Models 11.0/16.0 
	ID_A 11.0 [len 10]: [0.070000000000000007, 0.19, 0.13, 0.059999999999999998, 0.050000000000000003, 0.050000000000000003, 0.059999999999999998, 0.070000000000000007, 0.080000000000000002, 0.089999999999999997] 
	ID_B 16.0 [len 10]: [0.080000000000000002, 0.11, 0.12, 0.080000000000000002, 0.17000000000000001, 0.050000000000000003, 0.059999999999999998, 0.070000000000000007, 0.080000000000000002, 0.089999999999999997]


Models 11.0/17.0 
	ID_A 11.0 [len 10]: [0.089999999999999997, 0.080000000000000002, 0.080000000000000002, 0.059999999999999998, 0.059999999999999998, 0.050000000000000003, 0.059999999999999998, 0.070000000000000007, 0.080000000000000002, 0.089999999999999997] 
	ID_B 17.0 [len 10]: [0.080000000000000002, 0.11, 0.12, 0.080000000000000002, 0.17000000000000001, 0.050000000000000003, 0.059999999999999998, 0.070000000000000007, 0.080000000000000002, 0.089999999999999997]


Models 11.0/5.0 
	ID_A 11.0 [len 10]: [0.19, 0.11, 0.14000000000000001, 1.3, 0.14000000000000001, 0.050000000000000003, 0.059999999999999998, 0.070000000000000007, 0.080000000000000002, 0.089999999999999997] 
	ID_B 5.0 [len 10]: [0.080000000000000002, 0.11, 0.12, 0.080000000000000002, 0.17000000000000001, 0.050000000000000003, 0.059999999999999998, 0.070000000000000007, 0.080000000000000002, 0.089999999999999997]


Models 11.0/4.0 
	ID_A 11.0 [len 10]: [0.17000000000000001, 0.63, 1.79, 0.20000000000000001, 0.31, 0.050000000000000003, 0.059999999999999998, 0.070000000000000007, 0.080000000000000002, 0.089999999999999997] 
	ID_B 4.0 [len 10]: [0.080000000000000002, 0.11, 0.12, 0.080000000000000002, 0.17000000000000001, 0.050000000000000003, 0.059999999999999998, 0.070000000000000007, 0.080000000000000002, 0.089999999999999997]


Models 8.0/17.0 
	ID_A 8.0 [len 10]: [0.089999999999999997, 0.080000000000000002, 0.080000000000000002, 0.059999999999999998, 0.059999999999999998, 0.050000000000000003, 0.059999999999999998, 0.070000000000000007, 0.080000000000000002, 0.089999999999999997] 
	ID_B 17.0 [len 10]: [0.10000000000000001, 0.12, 0.10000000000000001, 0.23000000000000001, 0.13, 0.050000000000000003, 0.059999999999999998, 0.070000000000000007, 0.080000000000000002, 0.089999999999999997]


Models 8.0/16.0 
	ID_A 8.0 [len 10]: [0.070000000000000007, 0.19, 0.13, 0.059999999999999998, 0.050000000000000003, 0.050000000000000003, 0.059999999999999998, 0.070000000000000007, 0.080000000000000002, 0.089999999999999997] 
	ID_B 16.0 [len 10]: [0.10000000000000001, 0.12, 0.10000000000000001, 0.23000000000000001, 0.13, 0.050000000000000003, 0.059999999999999998, 0.070000000000000007, 0.080000000000000002, 0.089999999999999997]


Models 17.0/9.0 
	ID_A 17.0 [len 10]: [0.11, 0.13, 0.13, 0.23000000000000001, 0.12, 0.050000000000000003, 0.059999999999999998, 0.070000000000000007, 0.080000000000000002, 0.089999999999999997] 
	ID_B 9.0 [len 10]: [0.089999999999999997, 0.080000000000000002, 0.080000000000000002, 0.059999999999999998, 0.059999999999999998, 0.050000000000000003, 0.059999999999999998, 0.070000000000000007, 0.080000000000000002, 0.089999999999999997]


Models 8.0/4.0 
	ID_A 8.0 [len 10]: [0.17000000000000001, 0.63, 1.79, 0.20000000000000001, 0.31, 0.050000000000000003, 0.059999999999999998, 0.070000000000000007, 0.080000000000000002, 0.089999999999999997] 
	ID_B 4.0 [len 10]: [0.10000000000000001, 0.12, 0.10000000000000001, 0.23000000000000001, 0.13, 0.050000000000000003, 0.059999999999999998, 0.070000000000000007, 0.080000000000000002, 0.089999999999999997]


Models 17.0/5.0 
	ID_A 17.0 [len 10]: [0.19, 0.11, 0.14000000000000001, 1.3, 0.14000000000000001, 0.050000000000000003, 0.059999999999999998, 0.070000000000000007, 0.080000000000000002, 0.089999999999999997] 
	ID_B 5.0 [len 10]: [0.089999999999999997, 0.080000000000000002, 0.080000000000000002, 0.059999999999999998, 0.059999999999999998, 0.050000000000000003, 0.059999999999999998, 0.070000000000000007, 0.080000000000000002, 0.089999999999999997]


Models 17.0/4.0 
	ID_A 17.0 [len 10]: [0.17000000000000001, 0.63, 1.79, 0.20000000000000001, 0.31, 0.050000000000000003, 0.059999999999999998, 0.070000000000000007, 0.080000000000000002, 0.089999999999999997] 
	ID_B 4.0 [len 10]: [0.089999999999999997, 0.080000000000000002, 0.080000000000000002, 0.059999999999999998, 0.059999999999999998, 0.050000000000000003, 0.059999999999999998, 0.070000000000000007, 0.080000000000000002, 0.089999999999999997]


Models 9.0/16.0 
	ID_A 9.0 [len 10]: [0.070000000000000007, 0.19, 0.13, 0.059999999999999998, 0.050000000000000003, 0.050000000000000003, 0.059999999999999998, 0.070000000000000007, 0.080000000000000002, 0.089999999999999997] 
	ID_B 16.0 [len 10]: [0.11, 0.13, 0.13, 0.23000000000000001, 0.12, 0.050000000000000003, 0.059999999999999998, 0.070000000000000007, 0.080000000000000002, 0.089999999999999997]


Models 9.0/5.0 
	ID_A 9.0 [len 10]: [0.19, 0.11, 0.14000000000000001, 1.3, 0.14000000000000001, 0.050000000000000003, 0.059999999999999998, 0.070000000000000007, 0.080000000000000002, 0.089999999999999997] 
	ID_B 5.0 [len 10]: [0.11, 0.13, 0.13, 0.23000000000000001, 0.12, 0.050000000000000003, 0.059999999999999998, 0.070000000000000007, 0.080000000000000002, 0.089999999999999997]


Models 9.0/4.0 
	ID_A 9.0 [len 10]: [0.17000000000000001, 0.63, 1.79, 0.20000000000000001, 0.31, 0.050000000000000003, 0.059999999999999998, 0.070000000000000007, 0.080000000000000002, 0.089999999999999997] 
	ID_B 4.0 [len 10]: [0.11, 0.13, 0.13, 0.23000000000000001, 0.12, 0.050000000000000003, 0.059999999999999998, 0.070000000000000007, 0.080000000000000002, 0.089999999999999997]


Models 16.0/5.0 
	ID_A 16.0 [len 10]: [0.19, 0.11, 0.14000000000000001, 1.3, 0.14000000000000001, 0.050000000000000003, 0.059999999999999998, 0.070000000000000007, 0.080000000000000002, 0.089999999999999997] 
	ID_B 5.0 [len 10]: [0.070000000000000007, 0.19, 0.13, 0.059999999999999998, 0.050000000000000003, 0.050000000000000003, 0.059999999999999998, 0.070000000000000007, 0.080000000000000002, 0.089999999999999997]


Models 16.0/4.0 
	ID_A 16.0 [len 10]: [0.17000000000000001, 0.63, 1.79, 0.20000000000000001, 0.31, 0.050000000000000003, 0.059999999999999998, 0.070000000000000007, 0.080000000000000002, 0.089999999999999997] 
	ID_B 4.0 [len 10]: [0.070000000000000007, 0.19, 0.13, 0.059999999999999998, 0.050000000000000003, 0.050000000000000003, 0.059999999999999998, 0.070000000000000007, 0.080000000000000002, 0.089999999999999997]
