

Models 0/2 
	ID_A 0 [len 10]: [2.1000000000000001, 0.91000000000000003, 0.62, 3.1600000000000001, 0.47999999999999998, 0.050000000000000003, 0.059999999999999998, 0.070000000000000007, 0.080000000000000002, 0.089999999999999997] 
	ID_B 2 [len 10]: [4.21, 0.41999999999999998, 2.2400000000000002, 0.40999999999999998, 2.5, 0.050000000000000003, 0.059999999999999998, 0.070000000000000007, 0.080000000000000002, 0.089999999999999997]


Models 1/2 
	ID_A 1 [len 10]: [2.1000000000000001, 0.91000000000000003, 0.62, 3.1600000000000001, 0.47999999999999998, 0.050000000000000003, 0.059999999999999998, 0.070000000000000007, 0.080000000000000002, 0.089999999999999997] 
	ID_B 2 [len 10]: [3.5800000000000001, 0.71999999999999997, 1.74, 0.28000000000000003, 0.42999999999999999, 0.050000000000000003, 0.059999999999999998, 0.070000000000000007, 0.080000000000000002, 0.089999999999999997]


Models 0/1 
	ID_A 0 [len 10]: [3.5800000000000001, 0.71999999999999997, 1.74, 0.28000000000000003, 0.42999999999999999, 0.050000000000000003, 0.059999999999999998, 0.070000000000000007, 0.080000000000000002, 0.089999999999999997] 
	ID_B 1 [len 10]: [4.21, 0.41999999999999998, 2.2400000000000002, 0.40999999999999998, 2.5, 0.050000000000000003, 0.059999999999999998, 0.070000000000000007, 0.080000000000000002, 0.089999999999999997]


Models 3.0/4.0 
	ID_A 3.0 [len 10]: [0.26000000000000001, 0.17999999999999999, 0.29999999999999999, 3.1200000000000001, 0.25, 0.050000000000000003, 0.059999999999999998, 0.070000000000000007, 0.080000000000000002, 0.089999999999999997] 
	ID_B 4.0 [len 10]: [0.14999999999999999, 0.23000000000000001, 0.20000000000000001, 0.23000000000000001, 0.54000000000000004, 0.050000000000000003, 0.059999999999999998, 0.070000000000000007, 0.080000000000000002, 0.089999999999999997]


Models 7.0/8.0 
	ID_A 7.0 [len 10]: [0.13, 0.28999999999999998, 0.29999999999999999, 0.17999999999999999, 0.25, 0.050000000000000003, 0.059999999999999998, 0.070000000000000007, 0.080000000000000002, 0.089999999999999997] 
	ID_B 8.0 [len 10]: [0.13, 0.12, 0.14000000000000001, 0.089999999999999997, 0.17000000000000001, 0.050000000000000003, 0.059999999999999998, 0.070000000000000007, 0.080000000000000002, 0.089999999999999997]


Models 6.0/8.0 
	ID_A 6.0 [len 10]: [0.13, 0.28999999999999998, 0.29999999999999999, 0.17999999999999999, 0.25, 0.050000000000000003, 0.059999999999999998, 0.070000000000000007, 0.080000000000000002, 0.089999999999999997] 
	ID_B 8.0 [len 10]: [0.13, 0.14999999999999999, 0.29999999999999999, 0.10000000000000001, 0.25, 0.050000000000000003, 0.059999999999999998, 0.070000000000000007, 0.080000000000000002, 0.089999999999999997]


Models 6.0/7.0 
	ID_A 6.0 [len 10]: [0.13, 0.12, 0.14000000000000001, 0.089999999999999997, 0.17000000000000001, 0.050000000000000003, 0.059999999999999998, 0.070000000000000007, 0.080000000000000002, 0.089999999999999997] 
	ID_B 7.0 [len 10]: [0.13, 0.14999999999999999, 0.29999999999999999, 0.10000000000000001, 0.25, 0.050000000000000003, 0.059999999999999998, 0.070000000000000007, 0.080000000000000002, 0.089999999999999997]


Models 9.0/10.0 
	ID_A 9.0 [len 10]: [0.10000000000000001, 0.28000000000000003, 0.19, 0.23000000000000001, 0.19, 0.050000000000000003, 0.059999999999999998, 0.070000000000000007, 0.080000000000000002, 0.089999999999999997] 
	ID_B 10.0 [len 10]: [0.27000000000000002, 0.11, 0.080000000000000002, 0.080000000000000002, 0.16, 0.050000000000000003, 0.059999999999999998, 0.070000000000000007, 0.080000000000000002, 0.089999999999999997]


Models 12.0/14.0 
	ID_A 12.0 [len 10]: [0.070000000000000007, 0.10000000000000001, 0.080000000000000002, 0.070000000000000007, 0.14999999999999999, 0.050000000000000003, 0.059999999999999998, 0.070000000000000007, 0.080000000000000002, 0.089999999999999997] 
	ID_B 14.0 [len 10]: [0.059999999999999998, 0.16, 0.11, 0.080000000000000002, 0.080000000000000002, 0.050000000000000003, 0.059999999999999998, 0.070000000000000007, 0.080000000000000002, 0.089999999999999997]


Models 13.0/14.0 
	ID_A 13.0 [len 10]: [0.070000000000000007, 0.10000000000000001, 0.080000000000000002, 0.070000000000000007, 0.14999999999999999, 0.050000000000000003, 0.059999999999999998, 0.070000000000000007, 0.080000000000000002, 0.089999999999999997] 
	ID_B 14.0 [len 10]: [0.070000000000000007, 0.059999999999999998, 0.070000000000000007, 0.070000000000000007, 0.17000000000000001, 0.050000000000000003, 0.059999999999999998, 0.070000000000000007, 0.080000000000000002, 0.089999999999999997]


Models 12.0/13.0 
	ID_A 12.0 [len 10]: [0.070000000000000007, 0.059999999999999998, 0.070000000000000007, 0.070000000000000007, 0.17000000000000001, 0.050000000000000003, 0.059999999999999998, 0.070000000000000007, 0.080000000000000002, 0.089999999999999997] 
	ID_B 13.0 [len 10]: [0.059999999999999998, 0.16, 0.11, 0.080000000000000002, 0.080000000000000002, 0.050000000000000003, 0.059999999999999998, 0.070000000000000007, 0.080000000000000002, 0.089999999999999997]


Models 15.0/16.0 
	ID_A 15.0 [len 10]: [0.080000000000000002, 0.070000000000000007, 0.080000000000000002, 0.059999999999999998, 0.080000000000000002, 0.050000000000000003, 0.059999999999999998, 0.070000000000000007, 0.080000000000000002, 0.089999999999999997] 
	ID_B 16.0 [len 10]: [0.059999999999999998, 0.10000000000000001, 0.16, 0.070000000000000007, 0.040000000000000001, 0.050000000000000003, 0.059999999999999998, 0.070000000000000007, 0.080000000000000002, 0.089999999999999997]


Models 5/7 
	ID_A 5 [len 10]: [0.13, 0.12, 0.14000000000000001, 0.089999999999999997, 0.17000000000000001, 0.050000000000000003, 0.059999999999999998, 0.070000000000000007, 0.080000000000000002, 0.089999999999999997] 
	ID_B 7 [len 10]: [0.38, 0.19, 0.27000000000000002, 0.31, 0.13, 0.050000000000000003, 0.059999999999999998, 0.070000000000000007, 0.080000000000000002, 0.089999999999999997]


Models 11/13 
	ID_A 11 [len 10]: [0.070000000000000007, 0.059999999999999998, 0.070000000000000007, 0.070000000000000007, 0.17000000000000001, 0.050000000000000003, 0.059999999999999998, 0.070000000000000007, 0.080000000000000002, 0.089999999999999997] 
	ID_B 13 [len 10]: [0.089999999999999997, 0.11, 0.080000000000000002, 0.17999999999999999, 0.050000000000000003, 0.050000000000000003, 0.059999999999999998, 0.070000000000000007, 0.080000000000000002, 0.089999999999999997]


Models 2/3 
	ID_A 2 [len 10]: [0.14999999999999999, 0.23000000000000001, 0.20000000000000001, 0.23000000000000001, 0.54000000000000004, 0.050000000000000003, 0.059999999999999998, 0.070000000000000007, 0.080000000000000002, 0.089999999999999997] 
	ID_B 3 [len 10]: [2.1000000000000001, 0.91000000000000003, 0.62, 3.1600000000000001, 0.47999999999999998, 0.050000000000000003, 0.059999999999999998, 0.070000000000000007, 0.080000000000000002, 0.089999999999999997]


Models 3/5 
	ID_A 3 [len 10]: [0.38, 0.19, 0.27000000000000002, 0.31, 0.13, 0.050000000000000003, 0.059999999999999998, 0.070000000000000007, 0.080000000000000002, 0.089999999999999997] 
	ID_B 5 [len 10]: [0.14999999999999999, 0.23000000000000001, 0.20000000000000001, 0.23000000000000001, 0.54000000000000004, 0.050000000000000003, 0.059999999999999998, 0.070000000000000007, 0.080000000000000002, 0.089999999999999997]


Models 7/10 
	ID_A 7 [len 10]: [0.10000000000000001, 0.28000000000000003, 0.19, 0.23000000000000001, 0.19, 0.050000000000000003, 0.059999999999999998, 0.070000000000000007, 0.080000000000000002, 0.089999999999999997] 
	ID_B 10 [len 10]: [0.13, 0.12, 0.14000000000000001, 0.089999999999999997, 0.17000000000000001, 0.050000000000000003, 0.059999999999999998, 0.070000000000000007, 0.080000000000000002, 0.089999999999999997]


Models 10/11 
	ID_A 10 [len 10]: [0.089999999999999997, 0.11, 0.080000000000000002, 0.17999999999999999, 0.050000000000000003, 0.050000000000000003, 0.059999999999999998, 0.070000000000000007, 0.080000000000000002, 0.089999999999999997] 
	ID_B 11 [len 10]: [0.10000000000000001, 0.28000000000000003, 0.19, 0.23000000000000001, 0.19, 0.050000000000000003, 0.059999999999999998, 0.070000000000000007, 0.080000000000000002, 0.089999999999999997]


Models 16/17 
	ID_A 16 [len 10]: [0.059999999999999998, 0.080000000000000002, 0.089999999999999997, 0.059999999999999998, 0.14000000000000001, 0.050000000000000003, 0.059999999999999998, 0.070000000000000007, 0.080000000000000002, 0.089999999999999997] 
	ID_B 17 [len 10]: [0.080000000000000002, 0.070000000000000007, 0.080000000000000002, 0.059999999999999998, 0.080000000000000002, 0.050000000000000003, 0.059999999999999998, 0.070000000000000007, 0.080000000000000002, 0.089999999999999997]


Models 13/16 
	ID_A 13 [len 10]: [0.080000000000000002, 0.070000000000000007, 0.080000000000000002, 0.059999999999999998, 0.080000000000000002, 0.050000000000000003, 0.059999999999999998, 0.070000000000000007, 0.080000000000000002, 0.089999999999999997] 
	ID_B 16 [len 10]: [0.070000000000000007, 0.059999999999999998, 0.070000000000000007, 0.070000000000000007, 0.17000000000000001, 0.050000000000000003, 0.059999999999999998, 0.070000000000000007, 0.080000000000000002, 0.089999999999999997]


Models 17.0/13.0 
	ID_A 17.0 [len 10]: [0.070000000000000007, 0.059999999999999998, 0.070000000000000007, 0.070000000000000007, 0.17000000000000001, 0.050000000000000003, 0.059999999999999998, 0.070000000000000007, 0.080000000000000002, 0.089999999999999997] 
	ID_B 13.0 [len 10]: [0.059999999999999998, 0.080000000000000002, 0.089999999999999997, 0.059999999999999998, 0.14000000000000001, 0.050000000000000003, 0.059999999999999998, 0.070000000000000007, 0.080000000000000002, 0.089999999999999997]


Models 17.0/7.0 
	ID_A 17.0 [len 10]: [0.13, 0.12, 0.14000000000000001, 0.089999999999999997, 0.17000000000000001, 0.050000000000000003, 0.059999999999999998, 0.070000000000000007, 0.080000000000000002, 0.089999999999999997] 
	ID_B 7.0 [len 10]: [0.059999999999999998, 0.080000000000000002, 0.089999999999999997, 0.059999999999999998, 0.14000000000000001, 0.050000000000000003, 0.059999999999999998, 0.070000000000000007, 0.080000000000000002, 0.089999999999999997]


Models 17.0/11.0 
	ID_A 17.0 [len 10]: [0.089999999999999997, 0.11, 0.080000000000000002, 0.17999999999999999, 0.050000000000000003, 0.050000000000000003, 0.059999999999999998, 0.070000000000000007, 0.080000000000000002, 0.089999999999999997] 
	ID_B 11.0 [len 10]: [0.059999999999999998, 0.080000000000000002, 0.089999999999999997, 0.059999999999999998, 0.14000000000000001, 0.050000000000000003, 0.059999999999999998, 0.070000000000000007, 0.080000000000000002, 0.089999999999999997]


Models 17.0/2.0 
	ID_A 17.0 [len 10]: [2.1000000000000001, 0.91000000000000003, 0.62, 3.1600000000000001, 0.47999999999999998, 0.050000000000000003, 0.059999999999999998, 0.070000000000000007, 0.080000000000000002, 0.089999999999999997] 
	ID_B 2.0 [len 10]: [0.059999999999999998, 0.080000000000000002, 0.089999999999999997, 0.059999999999999998, 0.14000000000000001, 0.050000000000000003, 0.059999999999999998, 0.070000000000000007, 0.080000000000000002, 0.089999999999999997]


Models 17.0/5.0 
	ID_A 17.0 [len 10]: [0.38, 0.19, 0.27000000000000002, 0.31, 0.13, 0.050000000000000003, 0.059999999999999998, 0.070000000000000007, 0.080000000000000002, 0.089999999999999997] 
	ID_B 5.0 [len 10]: [0.059999999999999998, 0.080000000000000002, 0.089999999999999997, 0.059999999999999998, 0.14000000000000001, 0.050000000000000003, 0.059999999999999998, 0.070000000000000007, 0.080000000000000002, 0.089999999999999997]


Models 17.0/10.0 
	ID_A 17.0 [len 10]: [0.10000000000000001, 0.28000000000000003, 0.19, 0.23000000000000001, 0.19, 0.050000000000000003, 0.059999999999999998, 0.070000000000000007, 0.080000000000000002, 0.089999999999999997] 
	ID_B 10.0 [len 10]: [0.059999999999999998, 0.080000000000000002, 0.089999999999999997, 0.059999999999999998, 0.14000000000000001, 0.050000000000000003, 0.059999999999999998, 0.070000000000000007, 0.080000000000000002, 0.089999999999999997]


Models 17.0/3.0 
	ID_A 17.0 [len 10]: [0.14999999999999999, 0.23000000000000001, 0.20000000000000001, 0.23000000000000001, 0.54000000000000004, 0.050000000000000003, 0.059999999999999998, 0.070000000000000007, 0.080000000000000002, 0.089999999999999997] 
	ID_B 3.0 [len 10]: [0.059999999999999998, 0.080000000000000002, 0.089999999999999997, 0.059999999999999998, 0.14000000000000001, 0.050000000000000003, 0.059999999999999998, 0.070000000000000007, 0.080000000000000002, 0.089999999999999997]


Models 5.0/2.0 
	ID_A 5.0 [len 10]: [2.1000000000000001, 0.91000000000000003, 0.62, 3.1600000000000001, 0.47999999999999998, 0.050000000000000003, 0.059999999999999998, 0.070000000000000007, 0.080000000000000002, 0.089999999999999997] 
	ID_B 2.0 [len 10]: [0.38, 0.19, 0.27000000000000002, 0.31, 0.13, 0.050000000000000003, 0.059999999999999998, 0.070000000000000007, 0.080000000000000002, 0.089999999999999997]


Models 5.0/11.0 
	ID_A 5.0 [len 10]: [0.089999999999999997, 0.11, 0.080000000000000002, 0.17999999999999999, 0.050000000000000003, 0.050000000000000003, 0.059999999999999998, 0.070000000000000007, 0.080000000000000002, 0.089999999999999997] 
	ID_B 11.0 [len 10]: [0.38, 0.19, 0.27000000000000002, 0.31, 0.13, 0.050000000000000003, 0.059999999999999998, 0.070000000000000007, 0.080000000000000002, 0.089999999999999997]


Models 5.0/10.0 
	ID_A 5.0 [len 10]: [0.10000000000000001, 0.28000000000000003, 0.19, 0.23000000000000001, 0.19, 0.050000000000000003, 0.059999999999999998, 0.070000000000000007, 0.080000000000000002, 0.089999999999999997] 
	ID_B 10.0 [len 10]: [0.38, 0.19, 0.27000000000000002, 0.31, 0.13, 0.050000000000000003, 0.059999999999999998, 0.070000000000000007, 0.080000000000000002, 0.089999999999999997]


Models 5.0/13.0 
	ID_A 5.0 [len 10]: [0.070000000000000007, 0.059999999999999998, 0.070000000000000007, 0.070000000000000007, 0.17000000000000001, 0.050000000000000003, 0.059999999999999998, 0.070000000000000007, 0.080000000000000002, 0.089999999999999997] 
	ID_B 13.0 [len 10]: [0.38, 0.19, 0.27000000000000002, 0.31, 0.13, 0.050000000000000003, 0.059999999999999998, 0.070000000000000007, 0.080000000000000002, 0.089999999999999997]


Models 5.0/16.0 
	ID_A 5.0 [len 10]: [0.080000000000000002, 0.070000000000000007, 0.080000000000000002, 0.059999999999999998, 0.080000000000000002, 0.050000000000000003, 0.059999999999999998, 0.070000000000000007, 0.080000000000000002, 0.089999999999999997] 
	ID_B 16.0 [len 10]: [0.38, 0.19, 0.27000000000000002, 0.31, 0.13, 0.050000000000000003, 0.059999999999999998, 0.070000000000000007, 0.080000000000000002, 0.089999999999999997]


Models 2.0/16.0 
	ID_A 2.0 [len 10]: [0.080000000000000002, 0.070000000000000007, 0.080000000000000002, 0.059999999999999998, 0.080000000000000002, 0.050000000000000003, 0.059999999999999998, 0.070000000000000007, 0.080000000000000002, 0.089999999999999997] 
	ID_B 16.0 [len 10]: [2.1000000000000001, 0.91000000000000003, 0.62, 3.1600000000000001, 0.47999999999999998, 0.050000000000000003, 0.059999999999999998, 0.070000000000000007, 0.080000000000000002, 0.089999999999999997]


Models 2.0/7.0 
	ID_A 2.0 [len 10]: [0.13, 0.12, 0.14000000000000001, 0.089999999999999997, 0.17000000000000001, 0.050000000000000003, 0.059999999999999998, 0.070000000000000007, 0.080000000000000002, 0.089999999999999997] 
	ID_B 7.0 [len 10]: [2.1000000000000001, 0.91000000000000003, 0.62, 3.1600000000000001, 0.47999999999999998, 0.050000000000000003, 0.059999999999999998, 0.070000000000000007, 0.080000000000000002, 0.089999999999999997]


Models 16.0/7.0 
	ID_A 16.0 [len 10]: [0.13, 0.12, 0.14000000000000001, 0.089999999999999997, 0.17000000000000001, 0.050000000000000003, 0.059999999999999998, 0.070000000000000007, 0.080000000000000002, 0.089999999999999997] 
	ID_B 7.0 [len 10]: [0.080000000000000002, 0.070000000000000007, 0.080000000000000002, 0.059999999999999998, 0.080000000000000002, 0.050000000000000003, 0.059999999999999998, 0.070000000000000007, 0.080000000000000002, 0.089999999999999997]


Models 2.0/13.0 
	ID_A 2.0 [len 10]: [0.070000000000000007, 0.059999999999999998, 0.070000000000000007, 0.070000000000000007, 0.17000000000000001, 0.050000000000000003, 0.059999999999999998, 0.070000000000000007, 0.080000000000000002, 0.089999999999999997] 
	ID_B 13.0 [len 10]: [2.1000000000000001, 0.91000000000000003, 0.62, 3.1600000000000001, 0.47999999999999998, 0.050000000000000003, 0.059999999999999998, 0.070000000000000007, 0.080000000000000002, 0.089999999999999997]


Models 2.0/10.0 
	ID_A 2.0 [len 10]: [0.10000000000000001, 0.28000000000000003, 0.19, 0.23000000000000001, 0.19, 0.050000000000000003, 0.059999999999999998, 0.070000000000000007, 0.080000000000000002, 0.089999999999999997] 
	ID_B 10.0 [len 10]: [2.1000000000000001, 0.91000000000000003, 0.62, 3.1600000000000001, 0.47999999999999998, 0.050000000000000003, 0.059999999999999998, 0.070000000000000007, 0.080000000000000002, 0.089999999999999997]


Models 2.0/11.0 
	ID_A 2.0 [len 10]: [0.089999999999999997, 0.11, 0.080000000000000002, 0.17999999999999999, 0.050000000000000003, 0.050000000000000003, 0.059999999999999998, 0.070000000000000007, 0.080000000000000002, 0.089999999999999997] 
	ID_B 11.0 [len 10]: [2.1000000000000001, 0.91000000000000003, 0.62, 3.1600000000000001, 0.47999999999999998, 0.050000000000000003, 0.059999999999999998, 0.070000000000000007, 0.080000000000000002, 0.089999999999999997]


Models 16.0/11.0 
	ID_A 16.0 [len 10]: [0.089999999999999997, 0.11, 0.080000000000000002, 0.17999999999999999, 0.050000000000000003, 0.050000000000000003, 0.059999999999999998, 0.070000000000000007, 0.080000000000000002, 0.089999999999999997] 
	ID_B 11.0 [len 10]: [0.080000000000000002, 0.070000000000000007, 0.080000000000000002, 0.059999999999999998, 0.080000000000000002, 0.050000000000000003, 0.059999999999999998, 0.070000000000000007, 0.080000000000000002, 0.089999999999999997]


Models 16.0/10.0 
	ID_A 16.0 [len 10]: [0.10000000000000001, 0.28000000000000003, 0.19, 0.23000000000000001, 0.19, 0.050000000000000003, 0.059999999999999998, 0.070000000000000007, 0.080000000000000002, 0.089999999999999997] 
	ID_B 10.0 [len 10]: [0.080000000000000002, 0.070000000000000007, 0.080000000000000002, 0.059999999999999998, 0.080000000000000002, 0.050000000000000003, 0.059999999999999998, 0.070000000000000007, 0.080000000000000002, 0.089999999999999997]


Models 16.0/3.0 
	ID_A 16.0 [len 10]: [0.14999999999999999, 0.23000000000000001, 0.20000000000000001, 0.23000000000000001, 0.54000000000000004, 0.050000000000000003, 0.059999999999999998, 0.070000000000000007, 0.080000000000000002, 0.089999999999999997] 
	ID_B 3.0 [len 10]: [0.080000000000000002, 0.070000000000000007, 0.080000000000000002, 0.059999999999999998, 0.080000000000000002, 0.050000000000000003, 0.059999999999999998, 0.070000000000000007, 0.080000000000000002, 0.089999999999999997]


Models 13.0/7.0 
	ID_A 13.0 [len 10]: [0.13, 0.12, 0.14000000000000001, 0.089999999999999997, 0.17000000000000001, 0.050000000000000003, 0.059999999999999998, 0.070000000000000007, 0.080000000000000002, 0.089999999999999997] 
	ID_B 7.0 [len 10]: [0.070000000000000007, 0.059999999999999998, 0.070000000000000007, 0.070000000000000007, 0.17000000000000001, 0.050000000000000003, 0.059999999999999998, 0.070000000000000007, 0.080000000000000002, 0.089999999999999997]


Models 13.0/3.0 
	ID_A 13.0 [len 10]: [0.14999999999999999, 0.23000000000000001, 0.20000000000000001, 0.23000000000000001, 0.54000000000000004, 0.050000000000000003, 0.059999999999999998, 0.070000000000000007, 0.080000000000000002, 0.089999999999999997] 
	ID_B 3.0 [len 10]: [0.070000000000000007, 0.059999999999999998, 0.070000000000000007, 0.070000000000000007, 0.17000000000000001, 0.050000000000000003, 0.059999999999999998, 0.070000000000000007, 0.080000000000000002, 0.089999999999999997]


Models 13.0/10.0 
	ID_A 13.0 [len 10]: [0.10000000000000001, 0.28000000000000003, 0.19, 0.23000000000000001, 0.19, 0.050000000000000003, 0.059999999999999998, 0.070000000000000007, 0.080000000000000002, 0.089999999999999997] 
	ID_B 10.0 [len 10]: [0.070000000000000007, 0.059999999999999998, 0.070000000000000007, 0.070000000000000007, 0.17000000000000001, 0.050000000000000003, 0.059999999999999998, 0.070000000000000007, 0.080000000000000002, 0.089999999999999997]


Models 7.0/11.0 
	ID_A 7.0 [len 10]: [0.089999999999999997, 0.11, 0.080000000000000002, 0.17999999999999999, 0.050000000000000003, 0.050000000000000003, 0.059999999999999998, 0.070000000000000007, 0.080000000000000002, 0.089999999999999997] 
	ID_B 11.0 [len 10]: [0.13, 0.12, 0.14000000000000001, 0.089999999999999997, 0.17000000000000001, 0.050000000000000003, 0.059999999999999998, 0.070000000000000007, 0.080000000000000002, 0.089999999999999997]


Models 11.0/3.0 
	ID_A 11.0 [len 10]: [0.14999999999999999, 0.23000000000000001, 0.20000000000000001, 0.23000000000000001, 0.54000000000000004, 0.050000000000000003, 0.059999999999999998, 0.070000000000000007, 0.080000000000000002, 0.089999999999999997] 
	ID_B 3.0 [len 10]: [0.089999999999999997, 0.11, 0.080000000000000002, 0.17999999999999999, 0.050000000000000003, 0.050000000000000003, 0.059999999999999998, 0.070000000000000007, 0.080000000000000002, 0.089999999999999997]


Models 7.0/3.0 
	ID_A 7.0 [len 10]: [0.14999999999999999, 0.23000000000000001, 0.20000000000000001, 0.23000000000000001, 0.54000000000000004, 0.050000000000000003, 0.059999999999999998, 0.070000000000000007, 0.080000000000000002, 0.089999999999999997] 
	ID_B 3.0 [len 10]: [0.13, 0.12, 0.14000000000000001, 0.089999999999999997, 0.17000000000000001, 0.050000000000000003, 0.059999999999999998, 0.070000000000000007, 0.080000000000000002, 0.089999999999999997]


Models 10.0/3.0 
	ID_A 10.0 [len 10]: [0.14999999999999999, 0.23000000000000001, 0.20000000000000001, 0.23000000000000001, 0.54000000000000004, 0.050000000000000003, 0.059999999999999998, 0.070000000000000007, 0.080000000000000002, 0.089999999999999997] 
	ID_B 3.0 [len 10]: [0.10000000000000001, 0.28000000000000003, 0.19, 0.23000000000000001, 0.19, 0.050000000000000003, 0.059999999999999998, 0.070000000000000007, 0.080000000000000002, 0.089999999999999997]
