

Models 0/1 
	ID_A 0 [len 10]: [0.32000000000000001, 0.46000000000000002, 0.27000000000000002, 0.56000000000000005, 0.29999999999999999, 0.050000000000000003, 0.059999999999999998, 0.070000000000000007, 0.080000000000000002, 0.089999999999999997] 
	ID_B 1 [len 10]: [0.87, 1.3400000000000001, 0.48999999999999999, 3.0899999999999999, 0.83999999999999997, 0.050000000000000003, 0.059999999999999998, 0.070000000000000007, 0.080000000000000002, 0.089999999999999997]


Models 1/2 
	ID_A 1 [len 10]: [1.0800000000000001, 1.9399999999999999, 0.57999999999999996, 1.51, 0.35999999999999999, 0.050000000000000003, 0.059999999999999998, 0.070000000000000007, 0.080000000000000002, 0.089999999999999997] 
	ID_B 2 [len 10]: [0.32000000000000001, 0.46000000000000002, 0.27000000000000002, 0.56000000000000005, 0.29999999999999999, 0.050000000000000003, 0.059999999999999998, 0.070000000000000007, 0.080000000000000002, 0.089999999999999997]


Models 0/2 
	ID_A 0 [len 10]: [1.0800000000000001, 1.9399999999999999, 0.57999999999999996, 1.51, 0.35999999999999999, 0.050000000000000003, 0.059999999999999998, 0.070000000000000007, 0.080000000000000002, 0.089999999999999997] 
	ID_B 2 [len 10]: [0.87, 1.3400000000000001, 0.48999999999999999, 3.0899999999999999, 0.83999999999999997, 0.050000000000000003, 0.059999999999999998, 0.070000000000000007, 0.080000000000000002, 0.089999999999999997]


Models 1/2 
	ID_A 1 [len 10]: [1.0800000000000001, 1.9399999999999999, 0.57999999999999996, 1.51, 0.35999999999999999, 0.050000000000000003, 0.059999999999999998, 0.070000000000000007, 0.080000000000000002, 0.089999999999999997] 
	ID_B 2 [len 10]: [0.32000000000000001, 0.46000000000000002, 0.27000000000000002, 0.56000000000000005, 0.29999999999999999, 0.050000000000000003, 0.059999999999999998, 0.070000000000000007, 0.080000000000000002, 0.089999999999999997]


Models 0/2 
	ID_A 0 [len 10]: [1.0800000000000001, 1.9399999999999999, 0.57999999999999996, 1.51, 0.35999999999999999, 0.050000000000000003, 0.059999999999999998, 0.070000000000000007, 0.080000000000000002, 0.089999999999999997] 
	ID_B 2 [len 10]: [0.87, 1.3400000000000001, 0.48999999999999999, 3.0899999999999999, 0.83999999999999997, 0.050000000000000003, 0.059999999999999998, 0.070000000000000007, 0.080000000000000002, 0.089999999999999997]


Models 0/1 
	ID_A 0 [len 10]: [0.32000000000000001, 0.46000000000000002, 0.27000000000000002, 0.56000000000000005, 0.29999999999999999, 0.050000000000000003, 0.059999999999999998, 0.070000000000000007, 0.080000000000000002, 0.089999999999999997] 
	ID_B 1 [len 10]: [0.87, 1.3400000000000001, 0.48999999999999999, 3.0899999999999999, 0.83999999999999997, 0.050000000000000003, 0.059999999999999998, 0.070000000000000007, 0.080000000000000002, 0.089999999999999997]


Models 3.0/4.0 
	ID_A 3.0 [len 10]: [0.22, 0.19, 0.20000000000000001, 0.14000000000000001, 0.34000000000000002, 0.050000000000000003, 0.059999999999999998, 0.070000000000000007, 0.080000000000000002, 0.089999999999999997] 
	ID_B 4.0 [len 10]: [0.20999999999999999, 1.02, 0.47999999999999998, 0.65000000000000002, 1.0600000000000001, 0.050000000000000003, 0.059999999999999998, 0.070000000000000007, 0.080000000000000002, 0.089999999999999997]


Models 6.0/8.0 
	ID_A 6.0 [len 10]: [0.13, 0.11, 0.14000000000000001, 0.14999999999999999, 0.11, 0.050000000000000003, 0.059999999999999998, 0.070000000000000007, 0.080000000000000002, 0.089999999999999997] 
	ID_B 8.0 [len 10]: [0.31, 0.27000000000000002, 0.13, 0.20999999999999999, 0.14000000000000001, 0.050000000000000003, 0.059999999999999998, 0.070000000000000007, 0.080000000000000002, 0.089999999999999997]


Models 6.0/7.0 
	ID_A 6.0 [len 10]: [0.20999999999999999, 0.089999999999999997, 0.13, 0.13, 0.14999999999999999, 0.050000000000000003, 0.059999999999999998, 0.070000000000000007, 0.080000000000000002, 0.089999999999999997] 
	ID_B 7.0 [len 10]: [0.31, 0.27000000000000002, 0.13, 0.20999999999999999, 0.14000000000000001, 0.050000000000000003, 0.059999999999999998, 0.070000000000000007, 0.080000000000000002, 0.089999999999999997]


Models 7.0/8.0 
	ID_A 7.0 [len 10]: [0.13, 0.11, 0.14000000000000001, 0.14999999999999999, 0.11, 0.050000000000000003, 0.059999999999999998, 0.070000000000000007, 0.080000000000000002, 0.089999999999999997] 
	ID_B 8.0 [len 10]: [0.20999999999999999, 0.089999999999999997, 0.13, 0.13, 0.14999999999999999, 0.050000000000000003, 0.059999999999999998, 0.070000000000000007, 0.080000000000000002, 0.089999999999999997]


Models 6.0/7.0 
	ID_A 6.0 [len 10]: [0.20999999999999999, 0.089999999999999997, 0.13, 0.13, 0.14999999999999999, 0.050000000000000003, 0.059999999999999998, 0.070000000000000007, 0.080000000000000002, 0.089999999999999997] 
	ID_B 7.0 [len 10]: [0.31, 0.27000000000000002, 0.13, 0.20999999999999999, 0.14000000000000001, 0.050000000000000003, 0.059999999999999998, 0.070000000000000007, 0.080000000000000002, 0.089999999999999997]


Models 7.0/8.0 
	ID_A 7.0 [len 10]: [0.13, 0.11, 0.14000000000000001, 0.14999999999999999, 0.11, 0.050000000000000003, 0.059999999999999998, 0.070000000000000007, 0.080000000000000002, 0.089999999999999997] 
	ID_B 8.0 [len 10]: [0.20999999999999999, 0.089999999999999997, 0.13, 0.13, 0.14999999999999999, 0.050000000000000003, 0.059999999999999998, 0.070000000000000007, 0.080000000000000002, 0.089999999999999997]


Models 6.0/8.0 
	ID_A 6.0 [len 10]: [0.13, 0.11, 0.14000000000000001, 0.14999999999999999, 0.11, 0.050000000000000003, 0.059999999999999998, 0.070000000000000007, 0.080000000000000002, 0.089999999999999997] 
	ID_B 8.0 [len 10]: [0.31, 0.27000000000000002, 0.13, 0.20999999999999999, 0.14000000000000001, 0.050000000000000003, 0.059999999999999998, 0.070000000000000007, 0.080000000000000002, 0.089999999999999997]


Models 9.0/10.0 
	ID_A 9.0 [len 10]: [0.10000000000000001, 0.14999999999999999, 0.14000000000000001, 0.089999999999999997, 0.089999999999999997, 0.050000000000000003, 0.059999999999999998, 0.070000000000000007, 0.080000000000000002, 0.089999999999999997] 
	ID_B 10.0 [len 10]: [0.20000000000000001, 0.10000000000000001, 0.10000000000000001, 0.080000000000000002, 0.17999999999999999, 0.050000000000000003, 0.059999999999999998, 0.070000000000000007, 0.080000000000000002, 0.089999999999999997]


Models 13.0/14.0 
	ID_A 13.0 [len 10]: [0.13, 0.080000000000000002, 0.12, 0.089999999999999997, 0.11, 0.050000000000000003, 0.059999999999999998, 0.070000000000000007, 0.080000000000000002, 0.089999999999999997] 
	ID_B 14.0 [len 10]: [0.10000000000000001, 0.10000000000000001, 0.059999999999999998, 0.10000000000000001, 0.070000000000000007, 0.050000000000000003, 0.059999999999999998, 0.070000000000000007, 0.080000000000000002, 0.089999999999999997]


Models 12.0/13.0 
	ID_A 12.0 [len 10]: [0.10000000000000001, 0.10000000000000001, 0.059999999999999998, 0.10000000000000001, 0.070000000000000007, 0.050000000000000003, 0.059999999999999998, 0.070000000000000007, 0.080000000000000002, 0.089999999999999997] 
	ID_B 13.0 [len 10]: [0.080000000000000002, 0.10000000000000001, 0.089999999999999997, 0.12, 0.16, 0.050000000000000003, 0.059999999999999998, 0.070000000000000007, 0.080000000000000002, 0.089999999999999997]


Models 12.0/14.0 
	ID_A 12.0 [len 10]: [0.13, 0.080000000000000002, 0.12, 0.089999999999999997, 0.11, 0.050000000000000003, 0.059999999999999998, 0.070000000000000007, 0.080000000000000002, 0.089999999999999997] 
	ID_B 14.0 [len 10]: [0.080000000000000002, 0.10000000000000001, 0.089999999999999997, 0.12, 0.16, 0.050000000000000003, 0.059999999999999998, 0.070000000000000007, 0.080000000000000002, 0.089999999999999997]


Models 15.0/16.0 
	ID_A 15.0 [len 10]: [0.059999999999999998, 0.070000000000000007, 0.080000000000000002, 0.080000000000000002, 0.089999999999999997, 0.050000000000000003, 0.059999999999999998, 0.070000000000000007, 0.080000000000000002, 0.089999999999999997] 
	ID_B 16.0 [len 10]: [0.089999999999999997, 0.11, 0.059999999999999998, 0.070000000000000007, 0.089999999999999997, 0.050000000000000003, 0.059999999999999998, 0.070000000000000007, 0.080000000000000002, 0.089999999999999997]


Models 11/14 
	ID_A 11 [len 10]: [0.13, 0.080000000000000002, 0.12, 0.089999999999999997, 0.11, 0.050000000000000003, 0.059999999999999998, 0.070000000000000007, 0.080000000000000002, 0.089999999999999997] 
	ID_B 14 [len 10]: [0.070000000000000007, 0.089999999999999997, 0.16, 0.10000000000000001, 0.10000000000000001, 0.050000000000000003, 0.059999999999999998, 0.070000000000000007, 0.080000000000000002, 0.089999999999999997]


Models 1/3 
	ID_A 1 [len 10]: [0.20999999999999999, 1.02, 0.47999999999999998, 0.65000000000000002, 1.0600000000000001, 0.050000000000000003, 0.059999999999999998, 0.070000000000000007, 0.080000000000000002, 0.089999999999999997] 
	ID_B 3 [len 10]: [0.32000000000000001, 0.46000000000000002, 0.27000000000000002, 0.56000000000000005, 0.29999999999999999, 0.050000000000000003, 0.059999999999999998, 0.070000000000000007, 0.080000000000000002, 0.089999999999999997]


Models 3/5 
	ID_A 3 [len 10]: [0.17999999999999999, 0.17000000000000001, 0.14000000000000001, 0.12, 0.40000000000000002, 0.050000000000000003, 0.059999999999999998, 0.070000000000000007, 0.080000000000000002, 0.089999999999999997] 
	ID_B 5 [len 10]: [0.20999999999999999, 1.02, 0.47999999999999998, 0.65000000000000002, 1.0600000000000001, 0.050000000000000003, 0.059999999999999998, 0.070000000000000007, 0.080000000000000002, 0.089999999999999997]


Models 6/10 
	ID_A 6 [len 10]: [0.10000000000000001, 0.14999999999999999, 0.14000000000000001, 0.089999999999999997, 0.089999999999999997, 0.050000000000000003, 0.059999999999999998, 0.070000000000000007, 0.080000000000000002, 0.089999999999999997] 
	ID_B 10 [len 10]: [0.31, 0.27000000000000002, 0.13, 0.20999999999999999, 0.14000000000000001, 0.050000000000000003, 0.059999999999999998, 0.070000000000000007, 0.080000000000000002, 0.089999999999999997]


Models 10/11 
	ID_A 10 [len 10]: [0.070000000000000007, 0.089999999999999997, 0.16, 0.10000000000000001, 0.10000000000000001, 0.050000000000000003, 0.059999999999999998, 0.070000000000000007, 0.080000000000000002, 0.089999999999999997] 
	ID_B 11 [len 10]: [0.10000000000000001, 0.14999999999999999, 0.14000000000000001, 0.089999999999999997, 0.089999999999999997, 0.050000000000000003, 0.059999999999999998, 0.070000000000000007, 0.080000000000000002, 0.089999999999999997]


Models 5/6 
	ID_A 5 [len 10]: [0.31, 0.27000000000000002, 0.13, 0.20999999999999999, 0.14000000000000001, 0.050000000000000003, 0.059999999999999998, 0.070000000000000007, 0.080000000000000002, 0.089999999999999997] 
	ID_B 6 [len 10]: [0.17999999999999999, 0.17000000000000001, 0.14000000000000001, 0.12, 0.40000000000000002, 0.050000000000000003, 0.059999999999999998, 0.070000000000000007, 0.080000000000000002, 0.089999999999999997]


Models 14/15 
	ID_A 14 [len 10]: [0.089999999999999997, 0.11, 0.059999999999999998, 0.070000000000000007, 0.089999999999999997, 0.050000000000000003, 0.059999999999999998, 0.070000000000000007, 0.080000000000000002, 0.089999999999999997] 
	ID_B 15 [len 10]: [0.13, 0.080000000000000002, 0.12, 0.089999999999999997, 0.11, 0.050000000000000003, 0.059999999999999998, 0.070000000000000007, 0.080000000000000002, 0.089999999999999997]


Models 15/17 
	ID_A 15 [len 10]: [0.050000000000000003, 0.080000000000000002, 0.14000000000000001, 0.10000000000000001, 0.60999999999999999, 0.050000000000000003, 0.059999999999999998, 0.070000000000000007, 0.080000000000000002, 0.089999999999999997] 
	ID_B 17 [len 10]: [0.089999999999999997, 0.11, 0.059999999999999998, 0.070000000000000007, 0.089999999999999997, 0.050000000000000003, 0.059999999999999998, 0.070000000000000007, 0.080000000000000002, 0.089999999999999997]


Models 6.0/1.0 
	ID_A 6.0 [len 10]: [0.32000000000000001, 0.46000000000000002, 0.27000000000000002, 0.56000000000000005, 0.29999999999999999, 0.050000000000000003, 0.059999999999999998, 0.070000000000000007, 0.080000000000000002, 0.089999999999999997] 
	ID_B 1.0 [len 10]: [0.31, 0.27000000000000002, 0.13, 0.20999999999999999, 0.14000000000000001, 0.050000000000000003, 0.059999999999999998, 0.070000000000000007, 0.080000000000000002, 0.089999999999999997]


Models 6.0/17.0 
	ID_A 6.0 [len 10]: [0.050000000000000003, 0.080000000000000002, 0.14000000000000001, 0.10000000000000001, 0.60999999999999999, 0.050000000000000003, 0.059999999999999998, 0.070000000000000007, 0.080000000000000002, 0.089999999999999997] 
	ID_B 17.0 [len 10]: [0.31, 0.27000000000000002, 0.13, 0.20999999999999999, 0.14000000000000001, 0.050000000000000003, 0.059999999999999998, 0.070000000000000007, 0.080000000000000002, 0.089999999999999997]


Models 6.0/3.0 
	ID_A 6.0 [len 10]: [0.20999999999999999, 1.02, 0.47999999999999998, 0.65000000000000002, 1.0600000000000001, 0.050000000000000003, 0.059999999999999998, 0.070000000000000007, 0.080000000000000002, 0.089999999999999997] 
	ID_B 3.0 [len 10]: [0.31, 0.27000000000000002, 0.13, 0.20999999999999999, 0.14000000000000001, 0.050000000000000003, 0.059999999999999998, 0.070000000000000007, 0.080000000000000002, 0.089999999999999997]


Models 6.0/14.0 
	ID_A 6.0 [len 10]: [0.13, 0.080000000000000002, 0.12, 0.089999999999999997, 0.11, 0.050000000000000003, 0.059999999999999998, 0.070000000000000007, 0.080000000000000002, 0.089999999999999997] 
	ID_B 14.0 [len 10]: [0.31, 0.27000000000000002, 0.13, 0.20999999999999999, 0.14000000000000001, 0.050000000000000003, 0.059999999999999998, 0.070000000000000007, 0.080000000000000002, 0.089999999999999997]


Models 6.0/11.0 
	ID_A 6.0 [len 10]: [0.070000000000000007, 0.089999999999999997, 0.16, 0.10000000000000001, 0.10000000000000001, 0.050000000000000003, 0.059999999999999998, 0.070000000000000007, 0.080000000000000002, 0.089999999999999997] 
	ID_B 11.0 [len 10]: [0.31, 0.27000000000000002, 0.13, 0.20999999999999999, 0.14000000000000001, 0.050000000000000003, 0.059999999999999998, 0.070000000000000007, 0.080000000000000002, 0.089999999999999997]


Models 6.0/15.0 
	ID_A 6.0 [len 10]: [0.089999999999999997, 0.11, 0.059999999999999998, 0.070000000000000007, 0.089999999999999997, 0.050000000000000003, 0.059999999999999998, 0.070000000000000007, 0.080000000000000002, 0.089999999999999997] 
	ID_B 15.0 [len 10]: [0.31, 0.27000000000000002, 0.13, 0.20999999999999999, 0.14000000000000001, 0.050000000000000003, 0.059999999999999998, 0.070000000000000007, 0.080000000000000002, 0.089999999999999997]


Models 3.0/10.0 
	ID_A 3.0 [len 10]: [0.10000000000000001, 0.14999999999999999, 0.14000000000000001, 0.089999999999999997, 0.089999999999999997, 0.050000000000000003, 0.059999999999999998, 0.070000000000000007, 0.080000000000000002, 0.089999999999999997] 
	ID_B 10.0 [len 10]: [0.20999999999999999, 1.02, 0.47999999999999998, 0.65000000000000002, 1.0600000000000001, 0.050000000000000003, 0.059999999999999998, 0.070000000000000007, 0.080000000000000002, 0.089999999999999997]


Models 3.0/15.0 
	ID_A 3.0 [len 10]: [0.089999999999999997, 0.11, 0.059999999999999998, 0.070000000000000007, 0.089999999999999997, 0.050000000000000003, 0.059999999999999998, 0.070000000000000007, 0.080000000000000002, 0.089999999999999997] 
	ID_B 15.0 [len 10]: [0.20999999999999999, 1.02, 0.47999999999999998, 0.65000000000000002, 1.0600000000000001, 0.050000000000000003, 0.059999999999999998, 0.070000000000000007, 0.080000000000000002, 0.089999999999999997]


Models 3.0/11.0 
	ID_A 3.0 [len 10]: [0.070000000000000007, 0.089999999999999997, 0.16, 0.10000000000000001, 0.10000000000000001, 0.050000000000000003, 0.059999999999999998, 0.070000000000000007, 0.080000000000000002, 0.089999999999999997] 
	ID_B 11.0 [len 10]: [0.20999999999999999, 1.02, 0.47999999999999998, 0.65000000000000002, 1.0600000000000001, 0.050000000000000003, 0.059999999999999998, 0.070000000000000007, 0.080000000000000002, 0.089999999999999997]


Models 3.0/17.0 
	ID_A 3.0 [len 10]: [0.050000000000000003, 0.080000000000000002, 0.14000000000000001, 0.10000000000000001, 0.60999999999999999, 0.050000000000000003, 0.059999999999999998, 0.070000000000000007, 0.080000000000000002, 0.089999999999999997] 
	ID_B 17.0 [len 10]: [0.20999999999999999, 1.02, 0.47999999999999998, 0.65000000000000002, 1.0600000000000001, 0.050000000000000003, 0.059999999999999998, 0.070000000000000007, 0.080000000000000002, 0.089999999999999997]


Models 3.0/14.0 
	ID_A 3.0 [len 10]: [0.13, 0.080000000000000002, 0.12, 0.089999999999999997, 0.11, 0.050000000000000003, 0.059999999999999998, 0.070000000000000007, 0.080000000000000002, 0.089999999999999997] 
	ID_B 14.0 [len 10]: [0.20999999999999999, 1.02, 0.47999999999999998, 0.65000000000000002, 1.0600000000000001, 0.050000000000000003, 0.059999999999999998, 0.070000000000000007, 0.080000000000000002, 0.089999999999999997]


Models 10.0/15.0 
	ID_A 10.0 [len 10]: [0.089999999999999997, 0.11, 0.059999999999999998, 0.070000000000000007, 0.089999999999999997, 0.050000000000000003, 0.059999999999999998, 0.070000000000000007, 0.080000000000000002, 0.089999999999999997] 
	ID_B 15.0 [len 10]: [0.10000000000000001, 0.14999999999999999, 0.14000000000000001, 0.089999999999999997, 0.089999999999999997, 0.050000000000000003, 0.059999999999999998, 0.070000000000000007, 0.080000000000000002, 0.089999999999999997]


Models 10.0/14.0 
	ID_A 10.0 [len 10]: [0.13, 0.080000000000000002, 0.12, 0.089999999999999997, 0.11, 0.050000000000000003, 0.059999999999999998, 0.070000000000000007, 0.080000000000000002, 0.089999999999999997] 
	ID_B 14.0 [len 10]: [0.10000000000000001, 0.14999999999999999, 0.14000000000000001, 0.089999999999999997, 0.089999999999999997, 0.050000000000000003, 0.059999999999999998, 0.070000000000000007, 0.080000000000000002, 0.089999999999999997]


Models 10.0/1.0 
	ID_A 10.0 [len 10]: [0.32000000000000001, 0.46000000000000002, 0.27000000000000002, 0.56000000000000005, 0.29999999999999999, 0.050000000000000003, 0.059999999999999998, 0.070000000000000007, 0.080000000000000002, 0.089999999999999997] 
	ID_B 1.0 [len 10]: [0.10000000000000001, 0.14999999999999999, 0.14000000000000001, 0.089999999999999997, 0.089999999999999997, 0.050000000000000003, 0.059999999999999998, 0.070000000000000007, 0.080000000000000002, 0.089999999999999997]


Models 10.0/17.0 
	ID_A 10.0 [len 10]: [0.050000000000000003, 0.080000000000000002, 0.14000000000000001, 0.10000000000000001, 0.60999999999999999, 0.050000000000000003, 0.059999999999999998, 0.070000000000000007, 0.080000000000000002, 0.089999999999999997] 
	ID_B 17.0 [len 10]: [0.10000000000000001, 0.14999999999999999, 0.14000000000000001, 0.089999999999999997, 0.089999999999999997, 0.050000000000000003, 0.059999999999999998, 0.070000000000000007, 0.080000000000000002, 0.089999999999999997]


Models 10.0/5.0 
	ID_A 10.0 [len 10]: [0.17999999999999999, 0.17000000000000001, 0.14000000000000001, 0.12, 0.40000000000000002, 0.050000000000000003, 0.059999999999999998, 0.070000000000000007, 0.080000000000000002, 0.089999999999999997] 
	ID_B 5.0 [len 10]: [0.10000000000000001, 0.14999999999999999, 0.14000000000000001, 0.089999999999999997, 0.089999999999999997, 0.050000000000000003, 0.059999999999999998, 0.070000000000000007, 0.080000000000000002, 0.089999999999999997]


Models 15.0/11.0 
	ID_A 15.0 [len 10]: [0.070000000000000007, 0.089999999999999997, 0.16, 0.10000000000000001, 0.10000000000000001, 0.050000000000000003, 0.059999999999999998, 0.070000000000000007, 0.080000000000000002, 0.089999999999999997] 
	ID_B 11.0 [len 10]: [0.089999999999999997, 0.11, 0.059999999999999998, 0.070000000000000007, 0.089999999999999997, 0.050000000000000003, 0.059999999999999998, 0.070000000000000007, 0.080000000000000002, 0.089999999999999997]


Models 15.0/1.0 
	ID_A 15.0 [len 10]: [0.32000000000000001, 0.46000000000000002, 0.27000000000000002, 0.56000000000000005, 0.29999999999999999, 0.050000000000000003, 0.059999999999999998, 0.070000000000000007, 0.080000000000000002, 0.089999999999999997] 
	ID_B 1.0 [len 10]: [0.089999999999999997, 0.11, 0.059999999999999998, 0.070000000000000007, 0.089999999999999997, 0.050000000000000003, 0.059999999999999998, 0.070000000000000007, 0.080000000000000002, 0.089999999999999997]


Models 15.0/5.0 
	ID_A 15.0 [len 10]: [0.17999999999999999, 0.17000000000000001, 0.14000000000000001, 0.12, 0.40000000000000002, 0.050000000000000003, 0.059999999999999998, 0.070000000000000007, 0.080000000000000002, 0.089999999999999997] 
	ID_B 5.0 [len 10]: [0.089999999999999997, 0.11, 0.059999999999999998, 0.070000000000000007, 0.089999999999999997, 0.050000000000000003, 0.059999999999999998, 0.070000000000000007, 0.080000000000000002, 0.089999999999999997]


Models 11.0/17.0 
	ID_A 11.0 [len 10]: [0.050000000000000003, 0.080000000000000002, 0.14000000000000001, 0.10000000000000001, 0.60999999999999999, 0.050000000000000003, 0.059999999999999998, 0.070000000000000007, 0.080000000000000002, 0.089999999999999997] 
	ID_B 17.0 [len 10]: [0.070000000000000007, 0.089999999999999997, 0.16, 0.10000000000000001, 0.10000000000000001, 0.050000000000000003, 0.059999999999999998, 0.070000000000000007, 0.080000000000000002, 0.089999999999999997]


Models 11.0/1.0 
	ID_A 11.0 [len 10]: [0.32000000000000001, 0.46000000000000002, 0.27000000000000002, 0.56000000000000005, 0.29999999999999999, 0.050000000000000003, 0.059999999999999998, 0.070000000000000007, 0.080000000000000002, 0.089999999999999997] 
	ID_B 1.0 [len 10]: [0.070000000000000007, 0.089999999999999997, 0.16, 0.10000000000000001, 0.10000000000000001, 0.050000000000000003, 0.059999999999999998, 0.070000000000000007, 0.080000000000000002, 0.089999999999999997]


Models 11.0/5.0 
	ID_A 11.0 [len 10]: [0.17999999999999999, 0.17000000000000001, 0.14000000000000001, 0.12, 0.40000000000000002, 0.050000000000000003, 0.059999999999999998, 0.070000000000000007, 0.080000000000000002, 0.089999999999999997] 
	ID_B 5.0 [len 10]: [0.070000000000000007, 0.089999999999999997, 0.16, 0.10000000000000001, 0.10000000000000001, 0.050000000000000003, 0.059999999999999998, 0.070000000000000007, 0.080000000000000002, 0.089999999999999997]


Models 14.0/17.0 
	ID_A 14.0 [len 10]: [0.050000000000000003, 0.080000000000000002, 0.14000000000000001, 0.10000000000000001, 0.60999999999999999, 0.050000000000000003, 0.059999999999999998, 0.070000000000000007, 0.080000000000000002, 0.089999999999999997] 
	ID_B 17.0 [len 10]: [0.13, 0.080000000000000002, 0.12, 0.089999999999999997, 0.11, 0.050000000000000003, 0.059999999999999998, 0.070000000000000007, 0.080000000000000002, 0.089999999999999997]


Models 14.0/1.0 
	ID_A 14.0 [len 10]: [0.32000000000000001, 0.46000000000000002, 0.27000000000000002, 0.56000000000000005, 0.29999999999999999, 0.050000000000000003, 0.059999999999999998, 0.070000000000000007, 0.080000000000000002, 0.089999999999999997] 
	ID_B 1.0 [len 10]: [0.13, 0.080000000000000002, 0.12, 0.089999999999999997, 0.11, 0.050000000000000003, 0.059999999999999998, 0.070000000000000007, 0.080000000000000002, 0.089999999999999997]


Models 14.0/5.0 
	ID_A 14.0 [len 10]: [0.17999999999999999, 0.17000000000000001, 0.14000000000000001, 0.12, 0.40000000000000002, 0.050000000000000003, 0.059999999999999998, 0.070000000000000007, 0.080000000000000002, 0.089999999999999997] 
	ID_B 5.0 [len 10]: [0.13, 0.080000000000000002, 0.12, 0.089999999999999997, 0.11, 0.050000000000000003, 0.059999999999999998, 0.070000000000000007, 0.080000000000000002, 0.089999999999999997]


Models 1.0/5.0 
	ID_A 1.0 [len 10]: [0.17999999999999999, 0.17000000000000001, 0.14000000000000001, 0.12, 0.40000000000000002, 0.050000000000000003, 0.059999999999999998, 0.070000000000000007, 0.080000000000000002, 0.089999999999999997] 
	ID_B 5.0 [len 10]: [0.32000000000000001, 0.46000000000000002, 0.27000000000000002, 0.56000000000000005, 0.29999999999999999, 0.050000000000000003, 0.059999999999999998, 0.070000000000000007, 0.080000000000000002, 0.089999999999999997]


Models 1.0/17.0 
	ID_A 1.0 [len 10]: [0.050000000000000003, 0.080000000000000002, 0.14000000000000001, 0.10000000000000001, 0.60999999999999999, 0.050000000000000003, 0.059999999999999998, 0.070000000000000007, 0.080000000000000002, 0.089999999999999997] 
	ID_B 17.0 [len 10]: [0.32000000000000001, 0.46000000000000002, 0.27000000000000002, 0.56000000000000005, 0.29999999999999999, 0.050000000000000003, 0.059999999999999998, 0.070000000000000007, 0.080000000000000002, 0.089999999999999997]


Models 17.0/5.0 
	ID_A 17.0 [len 10]: [0.17999999999999999, 0.17000000000000001, 0.14000000000000001, 0.12, 0.40000000000000002, 0.050000000000000003, 0.059999999999999998, 0.070000000000000007, 0.080000000000000002, 0.089999999999999997] 
	ID_B 5.0 [len 10]: [0.050000000000000003, 0.080000000000000002, 0.14000000000000001, 0.10000000000000001, 0.60999999999999999, 0.050000000000000003, 0.059999999999999998, 0.070000000000000007, 0.080000000000000002, 0.089999999999999997]
