

Models 0/1 
	ID_A 0 [len 10]: [3.3199999999999998, 0.42999999999999999, 2.1899999999999999, 0.22, 2.9300000000000002, 0.050000000000000003, 0.059999999999999998, 0.070000000000000007, 0.080000000000000002, 0.089999999999999997] 
	ID_B 1 [len 10]: [0.40999999999999998, 2.8799999999999999, 0.53000000000000003, 2.75, 0.29999999999999999, 0.050000000000000003, 0.059999999999999998, 0.070000000000000007, 0.080000000000000002, 0.089999999999999997]


Models 0/2 
	ID_A 0 [len 10]: [1.47, 0.53000000000000003, 1.73, 0.51000000000000001, 0.53000000000000003, 0.050000000000000003, 0.059999999999999998, 0.070000000000000007, 0.080000000000000002, 0.089999999999999997] 
	ID_B 2 [len 10]: [0.40999999999999998, 2.8799999999999999, 0.53000000000000003, 2.75, 0.29999999999999999, 0.050000000000000003, 0.059999999999999998, 0.070000000000000007, 0.080000000000000002, 0.089999999999999997]


Models 1/2 
	ID_A 1 [len 10]: [1.47, 0.53000000000000003, 1.73, 0.51000000000000001, 0.53000000000000003, 0.050000000000000003, 0.059999999999999998, 0.070000000000000007, 0.080000000000000002, 0.089999999999999997] 
	ID_B 2 [len 10]: [3.3199999999999998, 0.42999999999999999, 2.1899999999999999, 0.22, 2.9300000000000002, 0.050000000000000003, 0.059999999999999998, 0.070000000000000007, 0.080000000000000002, 0.089999999999999997]


Models 3.0/4.0 
	ID_A 3.0 [len 10]: [0.34999999999999998, 0.17999999999999999, 0.20000000000000001, 0.37, 0.28999999999999998, 0.050000000000000003, 0.059999999999999998, 0.070000000000000007, 0.080000000000000002, 0.089999999999999997] 
	ID_B 4.0 [len 10]: [0.52000000000000002, 0.29999999999999999, 0.65000000000000002, 0.16, 0.38, 0.050000000000000003, 0.059999999999999998, 0.070000000000000007, 0.080000000000000002, 0.089999999999999997]


Models 6.0/7.0 
	ID_A 6.0 [len 10]: [0.17000000000000001, 0.20999999999999999, 0.17999999999999999, 0.13, 0.22, 0.050000000000000003, 0.059999999999999998, 0.070000000000000007, 0.080000000000000002, 0.089999999999999997] 
	ID_B 7.0 [len 10]: [0.14000000000000001, 0.40000000000000002, 0.11, 0.11, 0.11, 0.050000000000000003, 0.059999999999999998, 0.070000000000000007, 0.080000000000000002, 0.089999999999999997]


Models 7.0/8.0 
	ID_A 7.0 [len 10]: [0.20000000000000001, 0.13, 0.27000000000000002, 0.17999999999999999, 0.17999999999999999, 0.050000000000000003, 0.059999999999999998, 0.070000000000000007, 0.080000000000000002, 0.089999999999999997] 
	ID_B 8.0 [len 10]: [0.17000000000000001, 0.20999999999999999, 0.17999999999999999, 0.13, 0.22, 0.050000000000000003, 0.059999999999999998, 0.070000000000000007, 0.080000000000000002, 0.089999999999999997]


Models 6.0/8.0 
	ID_A 6.0 [len 10]: [0.20000000000000001, 0.13, 0.27000000000000002, 0.17999999999999999, 0.17999999999999999, 0.050000000000000003, 0.059999999999999998, 0.070000000000000007, 0.080000000000000002, 0.089999999999999997] 
	ID_B 8.0 [len 10]: [0.14000000000000001, 0.40000000000000002, 0.11, 0.11, 0.11, 0.050000000000000003, 0.059999999999999998, 0.070000000000000007, 0.080000000000000002, 0.089999999999999997]


Models 9.0/10.0 
	ID_A 9.0 [len 10]: [0.17000000000000001, 0.11, 0.17000000000000001, 0.25, 0.10000000000000001, 0.050000000000000003, 0.059999999999999998, 0.070000000000000007, 0.080000000000000002, 0.089999999999999997] 
	ID_B 10.0 [len 10]: [0.12, 0.16, 0.16, 0.089999999999999997, 0.14999999999999999, 0.050000000000000003, 0.059999999999999998, 0.070000000000000007, 0.080000000000000002, 0.089999999999999997]


Models 12.0/14.0 
	ID_A 12.0 [len 10]: [0.080000000000000002, 0.070000000000000007, 0.059999999999999998, 0.089999999999999997, 0.080000000000000002, 0.050000000000000003, 0.059999999999999998, 0.070000000000000007, 0.080000000000000002, 0.089999999999999997] 
	ID_B 14.0 [len 10]: [0.089999999999999997, 0.059999999999999998, 0.070000000000000007, 0.14000000000000001, 0.089999999999999997, 0.050000000000000003, 0.059999999999999998, 0.070000000000000007, 0.080000000000000002, 0.089999999999999997]


Models 13.0/14.0 
	ID_A 13.0 [len 10]: [0.080000000000000002, 0.070000000000000007, 0.059999999999999998, 0.089999999999999997, 0.080000000000000002, 0.050000000000000003, 0.059999999999999998, 0.070000000000000007, 0.080000000000000002, 0.089999999999999997] 
	ID_B 14.0 [len 10]: [0.080000000000000002, 0.080000000000000002, 0.089999999999999997, 0.089999999999999997, 0.12, 0.050000000000000003, 0.059999999999999998, 0.070000000000000007, 0.080000000000000002, 0.089999999999999997]


Models 12.0/13.0 
	ID_A 12.0 [len 10]: [0.080000000000000002, 0.080000000000000002, 0.089999999999999997, 0.089999999999999997, 0.12, 0.050000000000000003, 0.059999999999999998, 0.070000000000000007, 0.080000000000000002, 0.089999999999999997] 
	ID_B 13.0 [len 10]: [0.089999999999999997, 0.059999999999999998, 0.070000000000000007, 0.14000000000000001, 0.089999999999999997, 0.050000000000000003, 0.059999999999999998, 0.070000000000000007, 0.080000000000000002, 0.089999999999999997]


Models 15.0/16.0 
	ID_A 15.0 [len 10]: [0.070000000000000007, 0.059999999999999998, 0.059999999999999998, 0.10000000000000001, 0.12, 0.050000000000000003, 0.059999999999999998, 0.070000000000000007, 0.080000000000000002, 0.089999999999999997] 
	ID_B 16.0 [len 10]: [0.059999999999999998, 0.070000000000000007, 0.059999999999999998, 0.070000000000000007, 0.059999999999999998, 0.050000000000000003, 0.059999999999999998, 0.070000000000000007, 0.080000000000000002, 0.089999999999999997]


Models 3/5 
	ID_A 3 [len 10]: [0.20999999999999999, 0.16, 0.16, 1.03, 0.13, 0.050000000000000003, 0.059999999999999998, 0.070000000000000007, 0.080000000000000002, 0.089999999999999997] 
	ID_B 5 [len 10]: [0.52000000000000002, 0.29999999999999999, 0.65000000000000002, 0.16, 0.38, 0.050000000000000003, 0.059999999999999998, 0.070000000000000007, 0.080000000000000002, 0.089999999999999997]


Models 5/6 
	ID_A 5 [len 10]: [0.14000000000000001, 0.40000000000000002, 0.11, 0.11, 0.11, 0.050000000000000003, 0.059999999999999998, 0.070000000000000007, 0.080000000000000002, 0.089999999999999997] 
	ID_B 6 [len 10]: [0.20999999999999999, 0.16, 0.16, 1.03, 0.13, 0.050000000000000003, 0.059999999999999998, 0.070000000000000007, 0.080000000000000002, 0.089999999999999997]


Models 11/13 
	ID_A 11 [len 10]: [0.080000000000000002, 0.080000000000000002, 0.089999999999999997, 0.089999999999999997, 0.12, 0.050000000000000003, 0.059999999999999998, 0.070000000000000007, 0.080000000000000002, 0.089999999999999997] 
	ID_B 13 [len 10]: [0.089999999999999997, 0.11, 0.10000000000000001, 0.11, 0.10000000000000001, 0.050000000000000003, 0.059999999999999998, 0.070000000000000007, 0.080000000000000002, 0.089999999999999997]


Models 2/3 
	ID_A 2 [len 10]: [0.52000000000000002, 0.29999999999999999, 0.65000000000000002, 0.16, 0.38, 0.050000000000000003, 0.059999999999999998, 0.070000000000000007, 0.080000000000000002, 0.089999999999999997] 
	ID_B 3 [len 10]: [1.47, 0.53000000000000003, 1.73, 0.51000000000000001, 0.53000000000000003, 0.050000000000000003, 0.059999999999999998, 0.070000000000000007, 0.080000000000000002, 0.089999999999999997]


Models 6/9 
	ID_A 6 [len 10]: [0.12, 0.16, 0.16, 0.089999999999999997, 0.14999999999999999, 0.050000000000000003, 0.059999999999999998, 0.070000000000000007, 0.080000000000000002, 0.089999999999999997] 
	ID_B 9 [len 10]: [0.14000000000000001, 0.40000000000000002, 0.11, 0.11, 0.11, 0.050000000000000003, 0.059999999999999998, 0.070000000000000007, 0.080000000000000002, 0.089999999999999997]


Models 9/11 
	ID_A 9 [len 10]: [0.089999999999999997, 0.11, 0.10000000000000001, 0.11, 0.10000000000000001, 0.050000000000000003, 0.059999999999999998, 0.070000000000000007, 0.080000000000000002, 0.089999999999999997] 
	ID_B 11 [len 10]: [0.12, 0.16, 0.16, 0.089999999999999997, 0.14999999999999999, 0.050000000000000003, 0.059999999999999998, 0.070000000000000007, 0.080000000000000002, 0.089999999999999997]


Models 15/17 
	ID_A 15 [len 10]: [0.050000000000000003, 0.070000000000000007, 0.050000000000000003, 0.059999999999999998, 0.040000000000000001, 0.050000000000000003, 0.059999999999999998, 0.070000000000000007, 0.080000000000000002, 0.089999999999999997] 
	ID_B 17 [len 10]: [0.059999999999999998, 0.070000000000000007, 0.059999999999999998, 0.070000000000000007, 0.059999999999999998, 0.050000000000000003, 0.059999999999999998, 0.070000000000000007, 0.080000000000000002, 0.089999999999999997]


Models 13/15 
	ID_A 13 [len 10]: [0.059999999999999998, 0.070000000000000007, 0.059999999999999998, 0.070000000000000007, 0.059999999999999998, 0.050000000000000003, 0.059999999999999998, 0.070000000000000007, 0.080000000000000002, 0.089999999999999997] 
	ID_B 15 [len 10]: [0.080000000000000002, 0.080000000000000002, 0.089999999999999997, 0.089999999999999997, 0.12, 0.050000000000000003, 0.059999999999999998, 0.070000000000000007, 0.080000000000000002, 0.089999999999999997]


Models 17.0/13.0 
	ID_A 17.0 [len 10]: [0.080000000000000002, 0.080000000000000002, 0.089999999999999997, 0.089999999999999997, 0.12, 0.050000000000000003, 0.059999999999999998, 0.070000000000000007, 0.080000000000000002, 0.089999999999999997] 
	ID_B 13.0 [len 10]: [0.050000000000000003, 0.070000000000000007, 0.050000000000000003, 0.059999999999999998, 0.040000000000000001, 0.050000000000000003, 0.059999999999999998, 0.070000000000000007, 0.080000000000000002, 0.089999999999999997]


Models 17.0/11.0 
	ID_A 17.0 [len 10]: [0.089999999999999997, 0.11, 0.10000000000000001, 0.11, 0.10000000000000001, 0.050000000000000003, 0.059999999999999998, 0.070000000000000007, 0.080000000000000002, 0.089999999999999997] 
	ID_B 11.0 [len 10]: [0.050000000000000003, 0.070000000000000007, 0.050000000000000003, 0.059999999999999998, 0.040000000000000001, 0.050000000000000003, 0.059999999999999998, 0.070000000000000007, 0.080000000000000002, 0.089999999999999997]


Models 17.0/6.0 
	ID_A 17.0 [len 10]: [0.14000000000000001, 0.40000000000000002, 0.11, 0.11, 0.11, 0.050000000000000003, 0.059999999999999998, 0.070000000000000007, 0.080000000000000002, 0.089999999999999997] 
	ID_B 6.0 [len 10]: [0.050000000000000003, 0.070000000000000007, 0.050000000000000003, 0.059999999999999998, 0.040000000000000001, 0.050000000000000003, 0.059999999999999998, 0.070000000000000007, 0.080000000000000002, 0.089999999999999997]


Models 17.0/5.0 
	ID_A 17.0 [len 10]: [0.20999999999999999, 0.16, 0.16, 1.03, 0.13, 0.050000000000000003, 0.059999999999999998, 0.070000000000000007, 0.080000000000000002, 0.089999999999999997] 
	ID_B 5.0 [len 10]: [0.050000000000000003, 0.070000000000000007, 0.050000000000000003, 0.059999999999999998, 0.040000000000000001, 0.050000000000000003, 0.059999999999999998, 0.070000000000000007, 0.080000000000000002, 0.089999999999999997]


Models 17.0/9.0 
	ID_A 17.0 [len 10]: [0.12, 0.16, 0.16, 0.089999999999999997, 0.14999999999999999, 0.050000000000000003, 0.059999999999999998, 0.070000000000000007, 0.080000000000000002, 0.089999999999999997] 
	ID_B 9.0 [len 10]: [0.050000000000000003, 0.070000000000000007, 0.050000000000000003, 0.059999999999999998, 0.040000000000000001, 0.050000000000000003, 0.059999999999999998, 0.070000000000000007, 0.080000000000000002, 0.089999999999999997]


Models 17.0/3.0 
	ID_A 17.0 [len 10]: [0.52000000000000002, 0.29999999999999999, 0.65000000000000002, 0.16, 0.38, 0.050000000000000003, 0.059999999999999998, 0.070000000000000007, 0.080000000000000002, 0.089999999999999997] 
	ID_B 3.0 [len 10]: [0.050000000000000003, 0.070000000000000007, 0.050000000000000003, 0.059999999999999998, 0.040000000000000001, 0.050000000000000003, 0.059999999999999998, 0.070000000000000007, 0.080000000000000002, 0.089999999999999997]


Models 17.0/2.0 
	ID_A 17.0 [len 10]: [1.47, 0.53000000000000003, 1.73, 0.51000000000000001, 0.53000000000000003, 0.050000000000000003, 0.059999999999999998, 0.070000000000000007, 0.080000000000000002, 0.089999999999999997] 
	ID_B 2.0 [len 10]: [0.050000000000000003, 0.070000000000000007, 0.050000000000000003, 0.059999999999999998, 0.040000000000000001, 0.050000000000000003, 0.059999999999999998, 0.070000000000000007, 0.080000000000000002, 0.089999999999999997]


Models 5.0/13.0 
	ID_A 5.0 [len 10]: [0.080000000000000002, 0.080000000000000002, 0.089999999999999997, 0.089999999999999997, 0.12, 0.050000000000000003, 0.059999999999999998, 0.070000000000000007, 0.080000000000000002, 0.089999999999999997] 
	ID_B 13.0 [len 10]: [0.20999999999999999, 0.16, 0.16, 1.03, 0.13, 0.050000000000000003, 0.059999999999999998, 0.070000000000000007, 0.080000000000000002, 0.089999999999999997]


Models 5.0/11.0 
	ID_A 5.0 [len 10]: [0.089999999999999997, 0.11, 0.10000000000000001, 0.11, 0.10000000000000001, 0.050000000000000003, 0.059999999999999998, 0.070000000000000007, 0.080000000000000002, 0.089999999999999997] 
	ID_B 11.0 [len 10]: [0.20999999999999999, 0.16, 0.16, 1.03, 0.13, 0.050000000000000003, 0.059999999999999998, 0.070000000000000007, 0.080000000000000002, 0.089999999999999997]


Models 5.0/9.0 
	ID_A 5.0 [len 10]: [0.12, 0.16, 0.16, 0.089999999999999997, 0.14999999999999999, 0.050000000000000003, 0.059999999999999998, 0.070000000000000007, 0.080000000000000002, 0.089999999999999997] 
	ID_B 9.0 [len 10]: [0.20999999999999999, 0.16, 0.16, 1.03, 0.13, 0.050000000000000003, 0.059999999999999998, 0.070000000000000007, 0.080000000000000002, 0.089999999999999997]


Models 5.0/15.0 
	ID_A 5.0 [len 10]: [0.059999999999999998, 0.070000000000000007, 0.059999999999999998, 0.070000000000000007, 0.059999999999999998, 0.050000000000000003, 0.059999999999999998, 0.070000000000000007, 0.080000000000000002, 0.089999999999999997] 
	ID_B 15.0 [len 10]: [0.20999999999999999, 0.16, 0.16, 1.03, 0.13, 0.050000000000000003, 0.059999999999999998, 0.070000000000000007, 0.080000000000000002, 0.089999999999999997]


Models 5.0/2.0 
	ID_A 5.0 [len 10]: [1.47, 0.53000000000000003, 1.73, 0.51000000000000001, 0.53000000000000003, 0.050000000000000003, 0.059999999999999998, 0.070000000000000007, 0.080000000000000002, 0.089999999999999997] 
	ID_B 2.0 [len 10]: [0.20999999999999999, 0.16, 0.16, 1.03, 0.13, 0.050000000000000003, 0.059999999999999998, 0.070000000000000007, 0.080000000000000002, 0.089999999999999997]


Models 13.0/6.0 
	ID_A 13.0 [len 10]: [0.14000000000000001, 0.40000000000000002, 0.11, 0.11, 0.11, 0.050000000000000003, 0.059999999999999998, 0.070000000000000007, 0.080000000000000002, 0.089999999999999997] 
	ID_B 6.0 [len 10]: [0.080000000000000002, 0.080000000000000002, 0.089999999999999997, 0.089999999999999997, 0.12, 0.050000000000000003, 0.059999999999999998, 0.070000000000000007, 0.080000000000000002, 0.089999999999999997]


Models 13.0/3.0 
	ID_A 13.0 [len 10]: [0.52000000000000002, 0.29999999999999999, 0.65000000000000002, 0.16, 0.38, 0.050000000000000003, 0.059999999999999998, 0.070000000000000007, 0.080000000000000002, 0.089999999999999997] 
	ID_B 3.0 [len 10]: [0.080000000000000002, 0.080000000000000002, 0.089999999999999997, 0.089999999999999997, 0.12, 0.050000000000000003, 0.059999999999999998, 0.070000000000000007, 0.080000000000000002, 0.089999999999999997]


Models 13.0/9.0 
	ID_A 13.0 [len 10]: [0.12, 0.16, 0.16, 0.089999999999999997, 0.14999999999999999, 0.050000000000000003, 0.059999999999999998, 0.070000000000000007, 0.080000000000000002, 0.089999999999999997] 
	ID_B 9.0 [len 10]: [0.080000000000000002, 0.080000000000000002, 0.089999999999999997, 0.089999999999999997, 0.12, 0.050000000000000003, 0.059999999999999998, 0.070000000000000007, 0.080000000000000002, 0.089999999999999997]


Models 11.0/15.0 
	ID_A 11.0 [len 10]: [0.059999999999999998, 0.070000000000000007, 0.059999999999999998, 0.070000000000000007, 0.059999999999999998, 0.050000000000000003, 0.059999999999999998, 0.070000000000000007, 0.080000000000000002, 0.089999999999999997] 
	ID_B 15.0 [len 10]: [0.089999999999999997, 0.11, 0.10000000000000001, 0.11, 0.10000000000000001, 0.050000000000000003, 0.059999999999999998, 0.070000000000000007, 0.080000000000000002, 0.089999999999999997]


Models 13.0/2.0 
	ID_A 13.0 [len 10]: [1.47, 0.53000000000000003, 1.73, 0.51000000000000001, 0.53000000000000003, 0.050000000000000003, 0.059999999999999998, 0.070000000000000007, 0.080000000000000002, 0.089999999999999997] 
	ID_B 2.0 [len 10]: [0.080000000000000002, 0.080000000000000002, 0.089999999999999997, 0.089999999999999997, 0.12, 0.050000000000000003, 0.059999999999999998, 0.070000000000000007, 0.080000000000000002, 0.089999999999999997]


Models 11.0/6.0 
	ID_A 11.0 [len 10]: [0.14000000000000001, 0.40000000000000002, 0.11, 0.11, 0.11, 0.050000000000000003, 0.059999999999999998, 0.070000000000000007, 0.080000000000000002, 0.089999999999999997] 
	ID_B 6.0 [len 10]: [0.089999999999999997, 0.11, 0.10000000000000001, 0.11, 0.10000000000000001, 0.050000000000000003, 0.059999999999999998, 0.070000000000000007, 0.080000000000000002, 0.089999999999999997]


Models 11.0/3.0 
	ID_A 11.0 [len 10]: [0.52000000000000002, 0.29999999999999999, 0.65000000000000002, 0.16, 0.38, 0.050000000000000003, 0.059999999999999998, 0.070000000000000007, 0.080000000000000002, 0.089999999999999997] 
	ID_B 3.0 [len 10]: [0.089999999999999997, 0.11, 0.10000000000000001, 0.11, 0.10000000000000001, 0.050000000000000003, 0.059999999999999998, 0.070000000000000007, 0.080000000000000002, 0.089999999999999997]


Models 11.0/2.0 
	ID_A 11.0 [len 10]: [1.47, 0.53000000000000003, 1.73, 0.51000000000000001, 0.53000000000000003, 0.050000000000000003, 0.059999999999999998, 0.070000000000000007, 0.080000000000000002, 0.089999999999999997] 
	ID_B 2.0 [len 10]: [0.089999999999999997, 0.11, 0.10000000000000001, 0.11, 0.10000000000000001, 0.050000000000000003, 0.059999999999999998, 0.070000000000000007, 0.080000000000000002, 0.089999999999999997]


Models 15.0/6.0 
	ID_A 15.0 [len 10]: [0.14000000000000001, 0.40000000000000002, 0.11, 0.11, 0.11, 0.050000000000000003, 0.059999999999999998, 0.070000000000000007, 0.080000000000000002, 0.089999999999999997] 
	ID_B 6.0 [len 10]: [0.059999999999999998, 0.070000000000000007, 0.059999999999999998, 0.070000000000000007, 0.059999999999999998, 0.050000000000000003, 0.059999999999999998, 0.070000000000000007, 0.080000000000000002, 0.089999999999999997]


Models 15.0/3.0 
	ID_A 15.0 [len 10]: [0.52000000000000002, 0.29999999999999999, 0.65000000000000002, 0.16, 0.38, 0.050000000000000003, 0.059999999999999998, 0.070000000000000007, 0.080000000000000002, 0.089999999999999997] 
	ID_B 3.0 [len 10]: [0.059999999999999998, 0.070000000000000007, 0.059999999999999998, 0.070000000000000007, 0.059999999999999998, 0.050000000000000003, 0.059999999999999998, 0.070000000000000007, 0.080000000000000002, 0.089999999999999997]


Models 15.0/9.0 
	ID_A 15.0 [len 10]: [0.12, 0.16, 0.16, 0.089999999999999997, 0.14999999999999999, 0.050000000000000003, 0.059999999999999998, 0.070000000000000007, 0.080000000000000002, 0.089999999999999997] 
	ID_B 9.0 [len 10]: [0.059999999999999998, 0.070000000000000007, 0.059999999999999998, 0.070000000000000007, 0.059999999999999998, 0.050000000000000003, 0.059999999999999998, 0.070000000000000007, 0.080000000000000002, 0.089999999999999997]


Models 15.0/2.0 
	ID_A 15.0 [len 10]: [1.47, 0.53000000000000003, 1.73, 0.51000000000000001, 0.53000000000000003, 0.050000000000000003, 0.059999999999999998, 0.070000000000000007, 0.080000000000000002, 0.089999999999999997] 
	ID_B 2.0 [len 10]: [0.059999999999999998, 0.070000000000000007, 0.059999999999999998, 0.070000000000000007, 0.059999999999999998, 0.050000000000000003, 0.059999999999999998, 0.070000000000000007, 0.080000000000000002, 0.089999999999999997]


Models 6.0/3.0 
	ID_A 6.0 [len 10]: [0.52000000000000002, 0.29999999999999999, 0.65000000000000002, 0.16, 0.38, 0.050000000000000003, 0.059999999999999998, 0.070000000000000007, 0.080000000000000002, 0.089999999999999997] 
	ID_B 3.0 [len 10]: [0.14000000000000001, 0.40000000000000002, 0.11, 0.11, 0.11, 0.050000000000000003, 0.059999999999999998, 0.070000000000000007, 0.080000000000000002, 0.089999999999999997]


Models 6.0/2.0 
	ID_A 6.0 [len 10]: [1.47, 0.53000000000000003, 1.73, 0.51000000000000001, 0.53000000000000003, 0.050000000000000003, 0.059999999999999998, 0.070000000000000007, 0.080000000000000002, 0.089999999999999997] 
	ID_B 2.0 [len 10]: [0.14000000000000001, 0.40000000000000002, 0.11, 0.11, 0.11, 0.050000000000000003, 0.059999999999999998, 0.070000000000000007, 0.080000000000000002, 0.089999999999999997]


Models 3.0/9.0 
	ID_A 3.0 [len 10]: [0.12, 0.16, 0.16, 0.089999999999999997, 0.14999999999999999, 0.050000000000000003, 0.059999999999999998, 0.070000000000000007, 0.080000000000000002, 0.089999999999999997] 
	ID_B 9.0 [len 10]: [0.52000000000000002, 0.29999999999999999, 0.65000000000000002, 0.16, 0.38, 0.050000000000000003, 0.059999999999999998, 0.070000000000000007, 0.080000000000000002, 0.089999999999999997]


Models 9.0/2.0 
	ID_A 9.0 [len 10]: [1.47, 0.53000000000000003, 1.73, 0.51000000000000001, 0.53000000000000003, 0.050000000000000003, 0.059999999999999998, 0.070000000000000007, 0.080000000000000002, 0.089999999999999997] 
	ID_B 2.0 [len 10]: [0.12, 0.16, 0.16, 0.089999999999999997, 0.14999999999999999, 0.050000000000000003, 0.059999999999999998, 0.070000000000000007, 0.080000000000000002, 0.089999999999999997]
