

Models 1/2 
	ID_A 1 [len 10]: [0.59999999999999998, 0.28999999999999998, 3.0600000000000001, 0.41999999999999998, 0.39000000000000001, 0.050000000000000003, 0.059999999999999998, 0.070000000000000007, 0.080000000000000002, 0.089999999999999997] 
	ID_B 2 [len 10]: [0.73999999999999999, 0.17999999999999999, 0.67000000000000004, 0.80000000000000004, 3.6400000000000001, 0.050000000000000003, 0.059999999999999998, 0.070000000000000007, 0.080000000000000002, 0.089999999999999997]


Models 0/2 
	ID_A 0 [len 10]: [0.59999999999999998, 0.28999999999999998, 3.0600000000000001, 0.41999999999999998, 0.39000000000000001, 0.050000000000000003, 0.059999999999999998, 0.070000000000000007, 0.080000000000000002, 0.089999999999999997] 
	ID_B 2 [len 10]: [0.54000000000000004, 0.58999999999999997, 0.34000000000000002, 0.29999999999999999, 2.4199999999999999, 0.050000000000000003, 0.059999999999999998, 0.070000000000000007, 0.080000000000000002, 0.089999999999999997]


Models 0/1 
	ID_A 0 [len 10]: [0.73999999999999999, 0.17999999999999999, 0.67000000000000004, 0.80000000000000004, 3.6400000000000001, 0.050000000000000003, 0.059999999999999998, 0.070000000000000007, 0.080000000000000002, 0.089999999999999997] 
	ID_B 1 [len 10]: [0.54000000000000004, 0.58999999999999997, 0.34000000000000002, 0.29999999999999999, 2.4199999999999999, 0.050000000000000003, 0.059999999999999998, 0.070000000000000007, 0.080000000000000002, 0.089999999999999997]


Models 3.0/4.0 
	ID_A 3.0 [len 10]: [0.26000000000000001, 0.67000000000000004, 0.23000000000000001, 0.23999999999999999, 0.70999999999999996, 0.050000000000000003, 0.059999999999999998, 0.070000000000000007, 0.080000000000000002, 0.089999999999999997] 
	ID_B 4.0 [len 10]: [0.23999999999999999, 0.25, 0.52000000000000002, 0.81000000000000005, 0.31, 0.050000000000000003, 0.059999999999999998, 0.070000000000000007, 0.080000000000000002, 0.089999999999999997]


Models 7.0/8.0 
	ID_A 7.0 [len 10]: [0.13, 0.10000000000000001, 0.13, 0.16, 0.34000000000000002, 0.050000000000000003, 0.059999999999999998, 0.070000000000000007, 0.080000000000000002, 0.089999999999999997] 
	ID_B 8.0 [len 10]: [0.12, 0.17999999999999999, 0.28000000000000003, 0.26000000000000001, 0.13, 0.050000000000000003, 0.059999999999999998, 0.070000000000000007, 0.080000000000000002, 0.089999999999999997]


Models 6.0/7.0 
	ID_A 6.0 [len 10]: [0.12, 0.17999999999999999, 0.28000000000000003, 0.26000000000000001, 0.13, 0.050000000000000003, 0.059999999999999998, 0.070000000000000007, 0.080000000000000002, 0.089999999999999997] 
	ID_B 7.0 [len 10]: [0.14000000000000001, 0.16, 0.14000000000000001, 0.13, 0.10000000000000001, 0.050000000000000003, 0.059999999999999998, 0.070000000000000007, 0.080000000000000002, 0.089999999999999997]


Models 6.0/8.0 
	ID_A 6.0 [len 10]: [0.13, 0.10000000000000001, 0.13, 0.16, 0.34000000000000002, 0.050000000000000003, 0.059999999999999998, 0.070000000000000007, 0.080000000000000002, 0.089999999999999997] 
	ID_B 8.0 [len 10]: [0.14000000000000001, 0.16, 0.14000000000000001, 0.13, 0.10000000000000001, 0.050000000000000003, 0.059999999999999998, 0.070000000000000007, 0.080000000000000002, 0.089999999999999997]


Models 9.0/10.0 
	ID_A 9.0 [len 10]: [0.16, 0.12, 0.089999999999999997, 0.14999999999999999, 0.12, 0.050000000000000003, 0.059999999999999998, 0.070000000000000007, 0.080000000000000002, 0.089999999999999997] 
	ID_B 10.0 [len 10]: [0.089999999999999997, 0.17999999999999999, 0.13, 0.13, 0.10000000000000001, 0.050000000000000003, 0.059999999999999998, 0.070000000000000007, 0.080000000000000002, 0.089999999999999997]


Models 12.0/13.0 
	ID_A 12.0 [len 10]: [0.11, 0.13, 0.080000000000000002, 0.12, 0.080000000000000002, 0.050000000000000003, 0.059999999999999998, 0.070000000000000007, 0.080000000000000002, 0.089999999999999997] 
	ID_B 13.0 [len 10]: [0.059999999999999998, 0.10000000000000001, 0.080000000000000002, 0.11, 0.16, 0.050000000000000003, 0.059999999999999998, 0.070000000000000007, 0.080000000000000002, 0.089999999999999997]


Models 13.0/14.0 
	ID_A 13.0 [len 10]: [0.059999999999999998, 0.10000000000000001, 0.12, 0.080000000000000002, 0.089999999999999997, 0.050000000000000003, 0.059999999999999998, 0.070000000000000007, 0.080000000000000002, 0.089999999999999997] 
	ID_B 14.0 [len 10]: [0.11, 0.13, 0.080000000000000002, 0.12, 0.080000000000000002, 0.050000000000000003, 0.059999999999999998, 0.070000000000000007, 0.080000000000000002, 0.089999999999999997]


Models 12.0/14.0 
	ID_A 12.0 [len 10]: [0.059999999999999998, 0.10000000000000001, 0.12, 0.080000000000000002, 0.089999999999999997, 0.050000000000000003, 0.059999999999999998, 0.070000000000000007, 0.080000000000000002, 0.089999999999999997] 
	ID_B 14.0 [len 10]: [0.059999999999999998, 0.10000000000000001, 0.080000000000000002, 0.11, 0.16, 0.050000000000000003, 0.059999999999999998, 0.070000000000000007, 0.080000000000000002, 0.089999999999999997]


Models 15.0/16.0 
	ID_A 15.0 [len 10]: [0.11, 0.10000000000000001, 0.059999999999999998, 0.080000000000000002, 0.14999999999999999, 0.050000000000000003, 0.059999999999999998, 0.070000000000000007, 0.080000000000000002, 0.089999999999999997] 
	ID_B 16.0 [len 10]: [0.11, 0.070000000000000007, 0.11, 0.089999999999999997, 0.10000000000000001, 0.050000000000000003, 0.059999999999999998, 0.070000000000000007, 0.080000000000000002, 0.089999999999999997]


Models 5/6 
	ID_A 5 [len 10]: [0.14000000000000001, 0.16, 0.14000000000000001, 0.13, 0.10000000000000001, 0.050000000000000003, 0.059999999999999998, 0.070000000000000007, 0.080000000000000002, 0.089999999999999997] 
	ID_B 6 [len 10]: [0.20999999999999999, 0.44, 0.26000000000000001, 0.089999999999999997, 0.32000000000000001, 0.050000000000000003, 0.059999999999999998, 0.070000000000000007, 0.080000000000000002, 0.089999999999999997]


Models 6/9 
	ID_A 6 [len 10]: [0.089999999999999997, 0.17999999999999999, 0.13, 0.13, 0.10000000000000001, 0.050000000000000003, 0.059999999999999998, 0.070000000000000007, 0.080000000000000002, 0.089999999999999997] 
	ID_B 9 [len 10]: [0.14000000000000001, 0.16, 0.14000000000000001, 0.13, 0.10000000000000001, 0.050000000000000003, 0.059999999999999998, 0.070000000000000007, 0.080000000000000002, 0.089999999999999997]


Models 1/3 
	ID_A 1 [len 10]: [0.23999999999999999, 0.25, 0.52000000000000002, 0.81000000000000005, 0.31, 0.050000000000000003, 0.059999999999999998, 0.070000000000000007, 0.080000000000000002, 0.089999999999999997] 
	ID_B 3 [len 10]: [0.73999999999999999, 0.17999999999999999, 0.67000000000000004, 0.80000000000000004, 3.6400000000000001, 0.050000000000000003, 0.059999999999999998, 0.070000000000000007, 0.080000000000000002, 0.089999999999999997]


Models 9/11 
	ID_A 9 [len 10]: [0.10000000000000001, 0.070000000000000007, 0.080000000000000002, 0.089999999999999997, 0.080000000000000002, 0.050000000000000003, 0.059999999999999998, 0.070000000000000007, 0.080000000000000002, 0.089999999999999997] 
	ID_B 11 [len 10]: [0.089999999999999997, 0.17999999999999999, 0.13, 0.13, 0.10000000000000001, 0.050000000000000003, 0.059999999999999998, 0.070000000000000007, 0.080000000000000002, 0.089999999999999997]


Models 11/12 
	ID_A 11 [len 10]: [0.059999999999999998, 0.10000000000000001, 0.080000000000000002, 0.11, 0.16, 0.050000000000000003, 0.059999999999999998, 0.070000000000000007, 0.080000000000000002, 0.089999999999999997] 
	ID_B 12 [len 10]: [0.10000000000000001, 0.070000000000000007, 0.080000000000000002, 0.089999999999999997, 0.080000000000000002, 0.050000000000000003, 0.059999999999999998, 0.070000000000000007, 0.080000000000000002, 0.089999999999999997]


Models 3/5 
	ID_A 3 [len 10]: [0.20999999999999999, 0.44, 0.26000000000000001, 0.089999999999999997, 0.32000000000000001, 0.050000000000000003, 0.059999999999999998, 0.070000000000000007, 0.080000000000000002, 0.089999999999999997] 
	ID_B 5 [len 10]: [0.23999999999999999, 0.25, 0.52000000000000002, 0.81000000000000005, 0.31, 0.050000000000000003, 0.059999999999999998, 0.070000000000000007, 0.080000000000000002, 0.089999999999999997]


Models 15/17 
	ID_A 15 [len 10]: [0.080000000000000002, 0.10000000000000001, 0.089999999999999997, 0.059999999999999998, 0.089999999999999997, 0.050000000000000003, 0.059999999999999998, 0.070000000000000007, 0.080000000000000002, 0.089999999999999997] 
	ID_B 17 [len 10]: [0.11, 0.070000000000000007, 0.11, 0.089999999999999997, 0.10000000000000001, 0.050000000000000003, 0.059999999999999998, 0.070000000000000007, 0.080000000000000002, 0.089999999999999997]


Models 12/15 
	ID_A 12 [len 10]: [0.11, 0.070000000000000007, 0.11, 0.089999999999999997, 0.10000000000000001, 0.050000000000000003, 0.059999999999999998, 0.070000000000000007, 0.080000000000000002, 0.089999999999999997] 
	ID_B 15 [len 10]: [0.059999999999999998, 0.10000000000000001, 0.080000000000000002, 0.11, 0.16, 0.050000000000000003, 0.059999999999999998, 0.070000000000000007, 0.080000000000000002, 0.089999999999999997]


Models 5.0/9.0 
	ID_A 5.0 [len 10]: [0.089999999999999997, 0.17999999999999999, 0.13, 0.13, 0.10000000000000001, 0.050000000000000003, 0.059999999999999998, 0.070000000000000007, 0.080000000000000002, 0.089999999999999997] 
	ID_B 9.0 [len 10]: [0.20999999999999999, 0.44, 0.26000000000000001, 0.089999999999999997, 0.32000000000000001, 0.050000000000000003, 0.059999999999999998, 0.070000000000000007, 0.080000000000000002, 0.089999999999999997]


Models 5.0/15.0 
	ID_A 5.0 [len 10]: [0.11, 0.070000000000000007, 0.11, 0.089999999999999997, 0.10000000000000001, 0.050000000000000003, 0.059999999999999998, 0.070000000000000007, 0.080000000000000002, 0.089999999999999997] 
	ID_B 15.0 [len 10]: [0.20999999999999999, 0.44, 0.26000000000000001, 0.089999999999999997, 0.32000000000000001, 0.050000000000000003, 0.059999999999999998, 0.070000000000000007, 0.080000000000000002, 0.089999999999999997]


Models 5.0/12.0 
	ID_A 5.0 [len 10]: [0.059999999999999998, 0.10000000000000001, 0.080000000000000002, 0.11, 0.16, 0.050000000000000003, 0.059999999999999998, 0.070000000000000007, 0.080000000000000002, 0.089999999999999997] 
	ID_B 12.0 [len 10]: [0.20999999999999999, 0.44, 0.26000000000000001, 0.089999999999999997, 0.32000000000000001, 0.050000000000000003, 0.059999999999999998, 0.070000000000000007, 0.080000000000000002, 0.089999999999999997]


Models 5.0/1.0 
	ID_A 5.0 [len 10]: [0.73999999999999999, 0.17999999999999999, 0.67000000000000004, 0.80000000000000004, 3.6400000000000001, 0.050000000000000003, 0.059999999999999998, 0.070000000000000007, 0.080000000000000002, 0.089999999999999997] 
	ID_B 1.0 [len 10]: [0.20999999999999999, 0.44, 0.26000000000000001, 0.089999999999999997, 0.32000000000000001, 0.050000000000000003, 0.059999999999999998, 0.070000000000000007, 0.080000000000000002, 0.089999999999999997]


Models 5.0/17.0 
	ID_A 5.0 [len 10]: [0.080000000000000002, 0.10000000000000001, 0.089999999999999997, 0.059999999999999998, 0.089999999999999997, 0.050000000000000003, 0.059999999999999998, 0.070000000000000007, 0.080000000000000002, 0.089999999999999997] 
	ID_B 17.0 [len 10]: [0.20999999999999999, 0.44, 0.26000000000000001, 0.089999999999999997, 0.32000000000000001, 0.050000000000000003, 0.059999999999999998, 0.070000000000000007, 0.080000000000000002, 0.089999999999999997]


Models 5.0/11.0 
	ID_A 5.0 [len 10]: [0.10000000000000001, 0.070000000000000007, 0.080000000000000002, 0.089999999999999997, 0.080000000000000002, 0.050000000000000003, 0.059999999999999998, 0.070000000000000007, 0.080000000000000002, 0.089999999999999997] 
	ID_B 11.0 [len 10]: [0.20999999999999999, 0.44, 0.26000000000000001, 0.089999999999999997, 0.32000000000000001, 0.050000000000000003, 0.059999999999999998, 0.070000000000000007, 0.080000000000000002, 0.089999999999999997]


Models 12.0/3.0 
	ID_A 12.0 [len 10]: [0.23999999999999999, 0.25, 0.52000000000000002, 0.81000000000000005, 0.31, 0.050000000000000003, 0.059999999999999998, 0.070000000000000007, 0.080000000000000002, 0.089999999999999997] 
	ID_B 3.0 [len 10]: [0.059999999999999998, 0.10000000000000001, 0.080000000000000002, 0.11, 0.16, 0.050000000000000003, 0.059999999999999998, 0.070000000000000007, 0.080000000000000002, 0.089999999999999997]


Models 12.0/17.0 
	ID_A 12.0 [len 10]: [0.080000000000000002, 0.10000000000000001, 0.089999999999999997, 0.059999999999999998, 0.089999999999999997, 0.050000000000000003, 0.059999999999999998, 0.070000000000000007, 0.080000000000000002, 0.089999999999999997] 
	ID_B 17.0 [len 10]: [0.059999999999999998, 0.10000000000000001, 0.080000000000000002, 0.11, 0.16, 0.050000000000000003, 0.059999999999999998, 0.070000000000000007, 0.080000000000000002, 0.089999999999999997]


Models 12.0/9.0 
	ID_A 12.0 [len 10]: [0.089999999999999997, 0.17999999999999999, 0.13, 0.13, 0.10000000000000001, 0.050000000000000003, 0.059999999999999998, 0.070000000000000007, 0.080000000000000002, 0.089999999999999997] 
	ID_B 9.0 [len 10]: [0.059999999999999998, 0.10000000000000001, 0.080000000000000002, 0.11, 0.16, 0.050000000000000003, 0.059999999999999998, 0.070000000000000007, 0.080000000000000002, 0.089999999999999997]


Models 12.0/6.0 
	ID_A 12.0 [len 10]: [0.14000000000000001, 0.16, 0.14000000000000001, 0.13, 0.10000000000000001, 0.050000000000000003, 0.059999999999999998, 0.070000000000000007, 0.080000000000000002, 0.089999999999999997] 
	ID_B 6.0 [len 10]: [0.059999999999999998, 0.10000000000000001, 0.080000000000000002, 0.11, 0.16, 0.050000000000000003, 0.059999999999999998, 0.070000000000000007, 0.080000000000000002, 0.089999999999999997]


Models 12.0/1.0 
	ID_A 12.0 [len 10]: [0.73999999999999999, 0.17999999999999999, 0.67000000000000004, 0.80000000000000004, 3.6400000000000001, 0.050000000000000003, 0.059999999999999998, 0.070000000000000007, 0.080000000000000002, 0.089999999999999997] 
	ID_B 1.0 [len 10]: [0.059999999999999998, 0.10000000000000001, 0.080000000000000002, 0.11, 0.16, 0.050000000000000003, 0.059999999999999998, 0.070000000000000007, 0.080000000000000002, 0.089999999999999997]


Models 17.0/6.0 
	ID_A 17.0 [len 10]: [0.14000000000000001, 0.16, 0.14000000000000001, 0.13, 0.10000000000000001, 0.050000000000000003, 0.059999999999999998, 0.070000000000000007, 0.080000000000000002, 0.089999999999999997] 
	ID_B 6.0 [len 10]: [0.080000000000000002, 0.10000000000000001, 0.089999999999999997, 0.059999999999999998, 0.089999999999999997, 0.050000000000000003, 0.059999999999999998, 0.070000000000000007, 0.080000000000000002, 0.089999999999999997]


Models 17.0/3.0 
	ID_A 17.0 [len 10]: [0.23999999999999999, 0.25, 0.52000000000000002, 0.81000000000000005, 0.31, 0.050000000000000003, 0.059999999999999998, 0.070000000000000007, 0.080000000000000002, 0.089999999999999997] 
	ID_B 3.0 [len 10]: [0.080000000000000002, 0.10000000000000001, 0.089999999999999997, 0.059999999999999998, 0.089999999999999997, 0.050000000000000003, 0.059999999999999998, 0.070000000000000007, 0.080000000000000002, 0.089999999999999997]


Models 17.0/11.0 
	ID_A 17.0 [len 10]: [0.10000000000000001, 0.070000000000000007, 0.080000000000000002, 0.089999999999999997, 0.080000000000000002, 0.050000000000000003, 0.059999999999999998, 0.070000000000000007, 0.080000000000000002, 0.089999999999999997] 
	ID_B 11.0 [len 10]: [0.080000000000000002, 0.10000000000000001, 0.089999999999999997, 0.059999999999999998, 0.089999999999999997, 0.050000000000000003, 0.059999999999999998, 0.070000000000000007, 0.080000000000000002, 0.089999999999999997]


Models 17.0/1.0 
	ID_A 17.0 [len 10]: [0.73999999999999999, 0.17999999999999999, 0.67000000000000004, 0.80000000000000004, 3.6400000000000001, 0.050000000000000003, 0.059999999999999998, 0.070000000000000007, 0.080000000000000002, 0.089999999999999997] 
	ID_B 1.0 [len 10]: [0.080000000000000002, 0.10000000000000001, 0.089999999999999997, 0.059999999999999998, 0.089999999999999997, 0.050000000000000003, 0.059999999999999998, 0.070000000000000007, 0.080000000000000002, 0.089999999999999997]


Models 17.0/9.0 
	ID_A 17.0 [len 10]: [0.089999999999999997, 0.17999999999999999, 0.13, 0.13, 0.10000000000000001, 0.050000000000000003, 0.059999999999999998, 0.070000000000000007, 0.080000000000000002, 0.089999999999999997] 
	ID_B 9.0 [len 10]: [0.080000000000000002, 0.10000000000000001, 0.089999999999999997, 0.059999999999999998, 0.089999999999999997, 0.050000000000000003, 0.059999999999999998, 0.070000000000000007, 0.080000000000000002, 0.089999999999999997]


Models 6.0/3.0 
	ID_A 6.0 [len 10]: [0.23999999999999999, 0.25, 0.52000000000000002, 0.81000000000000005, 0.31, 0.050000000000000003, 0.059999999999999998, 0.070000000000000007, 0.080000000000000002, 0.089999999999999997] 
	ID_B 3.0 [len 10]: [0.14000000000000001, 0.16, 0.14000000000000001, 0.13, 0.10000000000000001, 0.050000000000000003, 0.059999999999999998, 0.070000000000000007, 0.080000000000000002, 0.089999999999999997]


Models 6.0/1.0 
	ID_A 6.0 [len 10]: [0.73999999999999999, 0.17999999999999999, 0.67000000000000004, 0.80000000000000004, 3.6400000000000001, 0.050000000000000003, 0.059999999999999998, 0.070000000000000007, 0.080000000000000002, 0.089999999999999997] 
	ID_B 1.0 [len 10]: [0.14000000000000001, 0.16, 0.14000000000000001, 0.13, 0.10000000000000001, 0.050000000000000003, 0.059999999999999998, 0.070000000000000007, 0.080000000000000002, 0.089999999999999997]


Models 6.0/11.0 
	ID_A 6.0 [len 10]: [0.10000000000000001, 0.070000000000000007, 0.080000000000000002, 0.089999999999999997, 0.080000000000000002, 0.050000000000000003, 0.059999999999999998, 0.070000000000000007, 0.080000000000000002, 0.089999999999999997] 
	ID_B 11.0 [len 10]: [0.14000000000000001, 0.16, 0.14000000000000001, 0.13, 0.10000000000000001, 0.050000000000000003, 0.059999999999999998, 0.070000000000000007, 0.080000000000000002, 0.089999999999999997]


Models 6.0/15.0 
	ID_A 6.0 [len 10]: [0.11, 0.070000000000000007, 0.11, 0.089999999999999997, 0.10000000000000001, 0.050000000000000003, 0.059999999999999998, 0.070000000000000007, 0.080000000000000002, 0.089999999999999997] 
	ID_B 15.0 [len 10]: [0.14000000000000001, 0.16, 0.14000000000000001, 0.13, 0.10000000000000001, 0.050000000000000003, 0.059999999999999998, 0.070000000000000007, 0.080000000000000002, 0.089999999999999997]


Models 3.0/15.0 
	ID_A 3.0 [len 10]: [0.11, 0.070000000000000007, 0.11, 0.089999999999999997, 0.10000000000000001, 0.050000000000000003, 0.059999999999999998, 0.070000000000000007, 0.080000000000000002, 0.089999999999999997] 
	ID_B 15.0 [len 10]: [0.23999999999999999, 0.25, 0.52000000000000002, 0.81000000000000005, 0.31, 0.050000000000000003, 0.059999999999999998, 0.070000000000000007, 0.080000000000000002, 0.089999999999999997]


Models 3.0/11.0 
	ID_A 3.0 [len 10]: [0.10000000000000001, 0.070000000000000007, 0.080000000000000002, 0.089999999999999997, 0.080000000000000002, 0.050000000000000003, 0.059999999999999998, 0.070000000000000007, 0.080000000000000002, 0.089999999999999997] 
	ID_B 11.0 [len 10]: [0.23999999999999999, 0.25, 0.52000000000000002, 0.81000000000000005, 0.31, 0.050000000000000003, 0.059999999999999998, 0.070000000000000007, 0.080000000000000002, 0.089999999999999997]


Models 3.0/9.0 
	ID_A 3.0 [len 10]: [0.089999999999999997, 0.17999999999999999, 0.13, 0.13, 0.10000000000000001, 0.050000000000000003, 0.059999999999999998, 0.070000000000000007, 0.080000000000000002, 0.089999999999999997] 
	ID_B 9.0 [len 10]: [0.23999999999999999, 0.25, 0.52000000000000002, 0.81000000000000005, 0.31, 0.050000000000000003, 0.059999999999999998, 0.070000000000000007, 0.080000000000000002, 0.089999999999999997]


Models 1.0/11.0 
	ID_A 1.0 [len 10]: [0.10000000000000001, 0.070000000000000007, 0.080000000000000002, 0.089999999999999997, 0.080000000000000002, 0.050000000000000003, 0.059999999999999998, 0.070000000000000007, 0.080000000000000002, 0.089999999999999997] 
	ID_B 11.0 [len 10]: [0.73999999999999999, 0.17999999999999999, 0.67000000000000004, 0.80000000000000004, 3.6400000000000001, 0.050000000000000003, 0.059999999999999998, 0.070000000000000007, 0.080000000000000002, 0.089999999999999997]


Models 1.0/15.0 
	ID_A 1.0 [len 10]: [0.11, 0.070000000000000007, 0.11, 0.089999999999999997, 0.10000000000000001, 0.050000000000000003, 0.059999999999999998, 0.070000000000000007, 0.080000000000000002, 0.089999999999999997] 
	ID_B 15.0 [len 10]: [0.73999999999999999, 0.17999999999999999, 0.67000000000000004, 0.80000000000000004, 3.6400000000000001, 0.050000000000000003, 0.059999999999999998, 0.070000000000000007, 0.080000000000000002, 0.089999999999999997]


Models 15.0/9.0 
	ID_A 15.0 [len 10]: [0.089999999999999997, 0.17999999999999999, 0.13, 0.13, 0.10000000000000001, 0.050000000000000003, 0.059999999999999998, 0.070000000000000007, 0.080000000000000002, 0.089999999999999997] 
	ID_B 9.0 [len 10]: [0.11, 0.070000000000000007, 0.11, 0.089999999999999997, 0.10000000000000001, 0.050000000000000003, 0.059999999999999998, 0.070000000000000007, 0.080000000000000002, 0.089999999999999997]


Models 11.0/15.0 
	ID_A 11.0 [len 10]: [0.11, 0.070000000000000007, 0.11, 0.089999999999999997, 0.10000000000000001, 0.050000000000000003, 0.059999999999999998, 0.070000000000000007, 0.080000000000000002, 0.089999999999999997] 
	ID_B 15.0 [len 10]: [0.10000000000000001, 0.070000000000000007, 0.080000000000000002, 0.089999999999999997, 0.080000000000000002, 0.050000000000000003, 0.059999999999999998, 0.070000000000000007, 0.080000000000000002, 0.089999999999999997]


Models 1.0/9.0 
	ID_A 1.0 [len 10]: [0.089999999999999997, 0.17999999999999999, 0.13, 0.13, 0.10000000000000001, 0.050000000000000003, 0.059999999999999998, 0.070000000000000007, 0.080000000000000002, 0.089999999999999997] 
	ID_B 9.0 [len 10]: [0.73999999999999999, 0.17999999999999999, 0.67000000000000004, 0.80000000000000004, 3.6400000000000001, 0.050000000000000003, 0.059999999999999998, 0.070000000000000007, 0.080000000000000002, 0.089999999999999997]


Models 12.0/9.0 
	ID_A 12.0 [len 10]: [0.089999999999999997, 0.17999999999999999, 0.13, 0.13, 0.10000000000000001, 0.050000000000000003, 0.059999999999999998, 0.070000000000000007, 0.080000000000000002, 0.089999999999999997] 
	ID_B 9.0 [len 10]: [0.059999999999999998, 0.10000000000000001, 0.080000000000000002, 0.11, 0.16, 0.050000000000000003, 0.059999999999999998, 0.070000000000000007, 0.080000000000000002, 0.089999999999999997]
