
8630163
8630164
8630165
8630166
8630167
8630168
8630169
8630170
8630171
8630172
8630174
8630173
8630175
8630176
8630177
8630178
8630179
8630181
8630180
8630183
8630182
8630185
8630184
8630187
8630186
8630188
8630190
8630189
8630191
8630192
8630193
8630194
8630195
8630196
8630197
8630198
8630199
8630200
8630201
8630202
8630203
8630204
8630205
8630206
8630207
8630208
8630209
8630210
8630211
8630212
8630213
8630214
8630215
8630216
8630217
8630218
8630219
8630220
8630221
8630222
8630223
8630224
8630225
8630226
8630227
8630228
8630229
8630230
8630231
8630232
8630233
8630234
8630235
8630236
8630237
8630239
8630238
8630240
8630241
8630242
8630243
8630244
8630245
8630246
8630247
8630248
8630249
8630250
8630252
8630251
8630253
8630254
8630255
8630256
8630257
8630259
8630258
8630260
8630261
8630262
8630263
8630264
8630265
8630266
8630267
8630268
8630269
8630270
8630271
8630272
8630273
8630275
8630274
8630276
8630277
