
7908369
7908370
7908371
7908372
7908374
7908373
7908375
7908376
7908377
7908378
7908379
7908380
7908381
7908382
7908383
7908384
7908385
7908386
7908388
7908389
7908387
7908390
7908391
7908392
7908393
7908394
7908395
7908397
7908396
7908398
7908399
7908401
7908400
7908402
7908403
7908405
7908407
7908406
7908408
7908409
7908404
7908410
7908411
7908412
7908413
7908414
7908415
7908416
7908417
7908418
7908419
7908420
7908421
7908422
7908423

7908426
7908424
7908429
7908430
7908427
7908428
7908432
7908431
7908433
7908434
7908436
7908435
7908437
7908438
7908439
7908444
7908440
7908441
7908442
7908447
7908448
7908450
7908449
7908443
7908445
7908446
7908454
7908456
7908457
7908458
7908459
7908461
7908460
7908462
7908451
7908452
7908453
7908455
7908463
7908464
7908465
7908466
7908467
7908468
7908469
7908471
7908470
7908472
7908473
7908474
7908475
7908476
7908477
7908478
7908479
7908480
7908481
7908482
7908483
7908484
7908485
7908486
7908487
7908488
7908489
7908490
7908491
7908492
7908493
7908494
7908495
7908496
7908497
7908498
7908499
7908500
7908501
7908502
7908503
7908504
7908505
7908506
7908507
7908508
7908509
7908510
7908511
7908512
7908513
7908514
7908515
7908516
7908517
7908518
7908519
7908520

7908522
7908523
7908524
7908525
7908526
7908527
7908528
7908529
7908530
7908531
7908532
7908533
7908534
7908535
7908536
7908537
7908538
7908539
7908540
7908541
7908542
7908543
7908544
7908545
7908547
7908546
7908548
7908549
7908550
7908552
7908551
7908553
7908554
7908555
7908556
7908557
7908559
7908558
7908560
7908561
7908562
7908563
7908564
7908565
7908566
7908567
7908568
7908569
7908574
7908570
7908571
7908572
7908573
7908575
7908576
7908577
7908581
7908578
7908579
7908580
7908582
7908583
7908584
7908585
7908586
7908587
7908588
7908593
7908589
7908592
7908590
7908591
7908594
7908595
7908597
7908596
7908600
7908601
7908599
7908598
7908602
7908603
7908604
7908610
7908605
7908606
7908607
7908608
7908609
7908611
7908612
7908613
7908614
7908615
7908616
7908617
7908619
7908618
7908620
7908623
7908621
7908622
7908624
7908626
7908625
7908627
7908630
7908628
7908631
7908629
7908632
7908633
7908634
7908635
7908637
7908638
7908636
7908639
7908642
7908640
7908641
7908643
7908644
7908646
7908645
7908647
7908649
7908648
7908650
7908651
7908653
7908652
7908654
7908655
7908656
7908657
7908660
7908659
7908661
7908658
7908664
7908662
7908663
7908665
7908666
7908667
7908668
7908669
7908670
7908672
7908671
7908673
7908674
7908675
7908676
7908677
7908678
7908679
7908680
7908681
7908682
7908683
7908684
7908685
7908686
7908687
7908688
7908689
7908690
7908691
7908692
7908693
7908694
7908695
7908696
7908697
7908698
7908699
7908700
7908701
7908702
7908703
7908704
7908705
7908706
7908707
7908708
7908709
7908710
7908711
7908712
7908713
7908714
7908715
7908716
7908717
7908718
7908719
7908720
7908721
7908722
7908723
7908724
7908729
7908725
7908726
7908727
7908728
7908730
7908731
7908732
7908733
7908734
7908736
7908737
7908735
7908738
7908739
7908740
7908741
7908742
7908743
7908744
7908745
7908746
7908747
7908748
7908749
7908750
7908751
7908752
7908753
7908754
7908755
7908756
7908757
7908758
7908759
7908760
7908761
7908762
7908763
7908764
7908765
7908766
7908767
7908768
7908769
7908770
7908771
7908772
7908773
7908774
7908775
7908776
7908777
7908778
7908779
7908780
7908781
7908782
7908783
7908784
7908785
7908786
7908787
7908788
7908789
7908790
7908791
7908792
7908793
7908794
7908795
7908796
7908797
7908798
7908799
7908800
7908801
7908802
7908803
7908804
7908805
7908806
7908807
7908808
7908809
7908810
7908811
7908812
7908813
7908814
7908815
7908816
7908817
7908818
7908819
7908820
7908821
7908822
7908823
7908824
7908825
7908826
7908827
7908828
7908829
7908830
7908831
7908832
7908833
7908834
7908835
7908836
7908837
7908838
7908839
7908842
7908840
7908841
7908843
7908844
7908845
7908846
7908848
7908847
7908849
7908850
7908851
7908852
7908854
7908855
7908856
7908853
7908857
7908859
7908860
7908858
7908861
7908863
7908862
7908864
7908865
7908866
7908867
7908869
7908868
7908870
7908871
7908872
7908873
7908874
7908875
7908876
7908877
7908878
7908879
7908880
7908881
7908882
7908883
7908886
7908884
7908885
7908887
7908888
7908889
7908890
7908891
7908892
7908893
7908895
7908896
7908897
7908894
7908898
7908899
7908900
7908901
7908902
7908903
7908904
7908905
7908906
7908907
7908908
