
7908418
7908390
7908378
7908408
7908399
7908389
7908377
7908417
7908393
7908419
7908394
7908402
7908371
7908395
7908370
7908380
7908409
7908376
7908413
7908375
7908388
7908404
7908382
7908415
7908383
7908401
7908391
7908411
7908405
7908410
7908384
7908420
7908397
7908414
7908372
7908421
7908400
7908428
7908369
7908412
7908392
7908374
7908416
7908422
7908396
7908430
7908429
7908407
7908379
7908381
7908373
7908432
7908398
7908433
7908406
7908424
7908431
7908436
7908437
7908438
7908403
7908435
7908427
7908444
7908439
7908440
7908442
7908447
7908441
7908448
7908446
7908450
7908449
7908443
7908445
7908459
7908458
7908456
7908457
7908455
7908460
7908451
7908467
7908454
7908463
7908471
7908453
7908469
7908452
7908466
7908468
7908461
7908473
7908462
7908474
7908477
7908475
7908472
7908483
7908480
7908485
7908464
7908465
7908484
7908493
7908498
7908496
7908489
7908502
7908486
7908476
7908490
7908505
7908508
7908494
7908478
7908500
7908507
7908504
7908497
7908488
7908503
7908491
7908499
7908519
7908487
7908522
7908511
7908512
7908523
7908506
7908520

7908492
7908513
7908517
7908516
7908526
7908534
7908509
7908495
7908531
7908525
7908527
7908532
7908538
7908524
7908510
7908482
7908479
7908533
7908540
7908528
7908536
7908529
7908541
7908539
7908530
7908518
7908514
7908555
7908554
7908551
7908547
7908550
7908558
7908545
7908563
7908537
7908542
7908557
7908559
7908561
7908560
7908552
7908535
7908568
7908546
7908544
7908548
7908553
7908549
7908571
7908570
7908562
7908573
7908572
7908582
7908580
7908579
7908543
7908566
7908576
7908584
7908564
7908567
7908587
7908578
7908585
7908574
7908583
7908593
7908586
7908575
7908589
7908590
7908577
7908591
7908592
7908594
7908581
7908588
7908600
7908598
7908599
7908601
7908602
7908596
7908597
7908604
7908605
7908610
7908595
7908603
7908608
7908606
7908617
7908607
7908609
7908616
7908620
7908612
7908623
7908627
7908630
7908613
7908622
7908615
7908625
7908621
7908624
7908618
7908637
7908611
7908632
7908635
7908640
7908626
7908636
7908642
7908634
7908629
7908631
7908647
7908645
7908633
7908648
7908628
7908652
7908655
7908653
7908650
7908646
7908614
7908638
7908668
7908659
7908660
7908671
7908658
7908664
7908649
7908643
7908675
7908639
7908651
7908644
7908656
7908619
7908667
7908661
7908678
7908665
7908672
7908676
7908682
7908681
7908684
7908679
7908691
7908690
7908693
7908670
7908699
7908657
7908694
7908662
7908697
7908696
7908680
7908688
7908705
7908704
7908669
7908711
7908654
7908677
7908686
7908666
7908674
7908702
7908718
7908717
7908701
7908698
7908719
7908685
7908695
7908724
7908716
7908726
7908706
7908712
7908721
7908700
7908722
7908714
7908720
7908731
7908707
7908692
7908709
7908713
7908739
7908727
7908729
7908750
7908732
7908708
7908748
7908728
7908754
7908756
7908746
7908743
7908703
7908744
7908757
7908745
7908736
7908733
7908740
7908742
7908760
7908738
7908735
7908730
7908761
7908752
7908759
7908764
7908767
7908741
7908753
7908770
7908771
7908763
7908768
7908775
7908773
7908755
7908777
7908749
7908762
7908774
7908765
7908772
7908751
7908781
7908769
7908782
7908784
7908779
7908787
7908790
7908785
7908789
7908793
7908780
7908791
7908794
7908800
7908797
7908799
7908802
7908795
7908807
7908803
7908778
7908805
7908809
7908801
7908812
7908822
7908792
7908820
7908811
7908817
7908806
7908837
7908813
7908824
7908828
7908819
7908826
7908829
7908804
7908834
7908815
7908798
7908835
7908830
7908832
7908827
7908796
7908810
7908833
7908845
7908814
7908840
7908836
7908818
7908848
7908850
7908839
7908788
7908823
7908841
7908852
7908846
7908856
7908859
7908808
7908858
7908849
7908855
7908843
7908851
7908860
7908842
7908838
7908872
7908865
7908861
7908870
7908853
7908878
7908875
7908874
7908869
7908857
7908881
7908847
7908883
7908868
7908871
7908880
7908816
7908864
7908879
7908886
7908854
7908889
7908890
7908844
7908885
7908873
7908882
7908897
7908884
7908896
7908867
7908892
7908893
7908894
7908887
7908902
7908899
7908907
7908900
7908862
7908866
7908908
7908906
7908905
7908901
7908903
