
7459585
7459586
7459587
7459589
7459590
7459588
7459593
7459592
7459591
7459594
7459596
7459595
7459598
7459597
7459599
7459602
7459600
7459601
7459604
7459603
7459605
7459606
7459607
7459608
7459609
7459610
7459611
7459612
7459613
7459614
7459615
7459616
7459617
7459618
7459620
7459621
7459619
7459623
7459624
7459622
7459627
7459625
7459626
7459628
7459630
7459629
7459631
7459632
7459633
7459635
7459634
7459636
7459637
7459638
7459639
7459640
7459641
7459642
7459643
7459644
7459645
7459646
7459647
7459648
7459649
7459650
7459651
7459652
7459653
7459654
7459655
7459656
7459657
7459658
7459659
7459660
7459661
7459662
7459663
7459664
7459665
7459666
7459667
7459668
7459669
7459670
7459671
7459672
7459673
7459674
7459675
7459676
7459677
7459678
7459679
7459680
7459681
7459682
7459683
7459684
7461614
