
8692436
8692431
8692439
8692429
8692432
8692435
8692434
8692433
8692438
8692430
8692441
8692437
8692443
8692442
8692445
8692440
8692444
8692458
8692463
8692464
8692451
8692452
8692450
8692453
8692455
8692449
8692448
8692454
8692460
8692456
8692457
8692447
8692473
8692467
8692480
8692466
8692484
8692465
8692469
8692489
8692470
8692471
8692446
8692490
8692472
8692477
8692474
8692486
8692476
8692483
8692485
8692495
8692488
8692479
8692487
8692501
8692492
8692503
8692493
8692491
8692497
8692499
8692498
8692482
8692505
8692494
8692512
8692500
8692502
8692509
8692510
8692481
8692511
8692507
8692504
8692515
8692517
8692521
8692518
8692522
8692513
8692514
8692531
8692519
8692520
8692539
8692523
8692532
8692527
8692526
8692524
8692506
8692525
8692533
8692530
8692538
8692535
8692516
8692540
8692536
8692541
8692543
8692537
8692478
8692542
8692496
8692534
8692528
8692508
