
8692429
8692430
8692431
8692432
8692433
8692434
8692435
8692436
8692437
8692438
8692439
8692440
8692441
8692442
8692443
8692444
8692445
8692446
8692447
8692448
8692449
8692450
8692451
8692452
8692453
8692455
8692454
8692456
8692457
8692458
8692459
8692460
8692461
8692463
8692464
8692462
8692465
8692466
8692467
8692468
8692469
8692470
8692471
8692472
8692473
8692474
8692475
8692476
8692477
8692478
8692479
8692480
8692481
8692482
8692483
8692484
8692485
8692486
8692487
8692488
8692489
8692490
8692491
8692492
8692494
8692493
8692495
8692496
8692497
8692498
8692499
8692500
8692501
8692502
8692503
8692504
8692505
8692506
8692507
8692508
8692509
8692510
8692511
8692512
8692513
8692514
8692515
8692516
8692517
8692518
8692519
8692520
8692521
8692522
8692523
8692524
8692525
8692526
8692527
8692528
8692529
8692530
8692531
8692532
8692533
8692534
8692535
8692536
8692537
8692538
8692539
8692540
8692541
8692542
8692543
