
8794598
8794599
8794600
8794601
8794602
8794603
8794604
8794605
8794606
8794607
8794608
8794609
8794610
8794611
8794612
8794613
8794614
8794615
8794616
8794617
8794618
8794619
8794620
8794621
8794622
8794623
8794624
8794625
8794626
8794627
8794628
8794629
8794630
8794631
8794632
8794633
8794634
8794636
8794635
8794638
8794637
8794639
8794640
8794642
8794641
8794643
8794644
8794645
8794646
8794647
8794648
8794649
8794650
8794651
8794653
8794654
8794652
8794657
8794655
8794656
8794658
8794659
8794660
8794661
8794662
8794663
8794664
8794665
8794666
8794667
8794668
8794669
8794670
8794672
8794671
8794674
8794673
8794675
8794676
8794678
8794677
8794679
8794680
8794681
8794682
8794684
8794683
8794685
8794686
8794687
8794688
8794694
8794689
8794693
8794695
8794697
8794698
8794696
8794699
8794690
8794691
8794692
