
7473252
7473251
7473254
7473253
7473256
7473245
7473248
7473255
7473260
7473261
7473246
7473259
7473265
7473267
7473249
7473250
7473266
7473270
7473272
7473273
7473262
7473247
7473257
7473275
7473271
7473276
7473277
7473279
7473278
7473274
7473268
7473280
7473281
7473282
7473263
7473264
7473269
7473258
7473283
7473284
7473285
7473286
7473289
7473291
7473290
7473292
7473293
7473294
7473295
7473296
7473297
7473298
7473299
7473300
7473287
7473288
7473302
7473303
7473304
7473306
7473307
7473305
7473308
7473309
7473310
7473311
7473312
7473313
7473301
7473314
7473315
7473316
7473317
7473318
7473319
7473320
7473322
7473321
7473323
7473324
7473325
7473326
7473327
7473329
7473330
7473332
7473333
7473334
7473335
7473336
7473328
7473340
7473331
7473341
7473344
7473337
7473338
7473342
7473343
7473339
7475071
7475070
7475072
7475073
7475074
7475075
7475076
7475077
7475079
7475078
7475080
7475081
7475082
7475083
7475084
7475086
7475087
7475085
7475088
7475089
7475091
7475090
7475097
7475098
7475099
7475100
7475093
7475094
7475092
7475101
7475096
7475102
7475103
7475095
7475105
7475106
7475107
7475108
7475109
7475110
7475111
7475113
7475114
7475112
7475117
7475115
7475116
7475104
7475119
7475122
7475120
7475121
7475118
7475123
7475124
7475125
7475127
7475126
7475129
7475131
7475130
7475132
7475128
7475133
7475135
7475134
7475136
7475137
7475139
7475138
7475141
7475140
7475142
7475143
7475144
7475145
7475146
7475148
7475149
7475150
7475147
7475151
7475152
7475153
7475155
7475156
7475157
7475154
7475158
7475160
7475159
7475162
7475161
7475163
7475164
7475166
7475168
7475167
7475165
7475169
