
7473256
7473276
7473254
7473292
7473251
7473300
7473258
7473313
7473281
7473261
7473287
7473249
7473290
7473295
7473245
7473301
7473260
7473253
7473293
7473316
7473291
7473273
7473296
7473307
7473321
7473309
7473262
7473299
7473279
7473246
7473304
7473306
7473314
7473263
7473274
7473311
7473322
7473268
7473259
7473275
7473325
7473248
7473302
7473298
7473286
7473308
7473283
7473278
7473255
7473333
7473252
7473310
7473319
7473336
7473294
7473288
7473266
7473284
7473305
7473272
7473323
7473335
7473342
7473312
7473338
7473303
7473270
7473265
7473285
7473257
7473250
7473267
7473320
7473344
7473282
7473289
7473326
7473334
7473247
7473317
7473337
7473332
7473264
7473280
7473328
7473330
7473340
7473315
7473318
7473343
7473339
7473327
7473324
7473341
7473271
7473329
7473331
7473277
7473269
7473297
7475083
7475105
7475157
