
7427352
7427351
7427350
7427354
7427353
7427355
7427357
7427356
7427360
7427359
7427358
7427362
7427361
7427364
7427365
7427363
7427367
7427366
7427368
7427369
7427370
7427372
7427373
7427371
7427376
7427374
7427375
7427377
7427378
7427379
7427380
7427381
7427382
7427383
7427384
7427385
7427386



7427391
7427392
7427390
7427393
7427395
7427394
7427396
7427397
7427399
7427398
7427400
7427401
7427402
7427403
7427404
7427405
7427406
7427407
7427408
7427409
7427411
7427410
7427412
7427413
7427414
7427415
7427416
7427417
7427418
7427419
7427420
7427422
7427421
7427423
7427425
7427424
7427427
7427426
7427428
7427429
7427431
7427430
7427432
7427433
7427434
7427436
7427435
7427438
7427439
7427437
7427441
7427440
7427442
7427443
7427444
7427446
7427445
7427447
7427448
7427449
7427643
7427644
7427665
