
7427351
7427367
7427363
7427355
7427362
7427377
7427359
7427375
7427361

7427381
7427376

7427392
7427353
7427391
7427379
7427394
7427386
7427382
7427356
7427403
7427366

7427395
7427398
7427350
7427393
7427385
7427390
7427364
7427357
7427401
7427371
7427368
7427407
7427416
7427372
7427411
7427408
7427406
7427396
7427402
7427404
7427405
7427413
7427415
7427417
7427358
7427422
7427374
7427410
7427378
7427420
7427360
7427414
7427409
7427412
7427370
7427419
7427399
7427421
7427400
7427397
7427423
7427431
7427430
7427425
7427428
7427432
7427426
7427434
7427427
7427424
7427433
7427429
7427444
7427442
7427445
7427448
7427443
7427435
7427436
7427352
7427446
7427418
7427440
7427365
7427441
7427439
7427447
7427438
7427373
7427383
7427384
7427380
7427354
7427437
7427449
7427369
7427665
