            f_value  win_per_resourrce  number_generations  starting_population_size  resources  median_f_score  mean_f_score  win_rate  mutation_probability  num_protected_elite_models mutation_method selection_method crossover_method
config_id                                                                                                                                                                                                                                  
132.0      0.006250           0.003250                16.0                       4.0      160.0        1.000000      0.930428  0.520000                  0.00                         3.0    element_wise         roulette        one_point
86.0       0.003472           0.002778                 8.0                       8.0      288.0        1.000000      0.975128  0.800000                  0.10                         1.0    element_wise         roulette        one_point
203.0      0.003125           0.002750                32.0                       4.0      320.0        1.000000      0.989091  0.880000                  0.25                         2.0    element_wise         roulette        one_point
196.0      0.003125           0.002750                32.0                       4.0      320.0        1.000000      0.984727  0.880000                  0.00                         3.0    element_wise         roulette        one_point
205.0      0.003125           0.002625                32.0                       4.0      320.0        1.000000      0.982730  0.840000                  0.33                         0.0    element_wise         roulette        one_point
204.0      0.003125           0.002625                32.0                       4.0      320.0        1.000000      0.977287  0.840000                  0.25                         3.0    element_wise         roulette        one_point
198.0      0.003125           0.002500                32.0                       4.0      320.0        1.000000      0.976346  0.800000                  0.10                         1.0    element_wise         roulette        one_point
144.0      0.005556           0.002500                16.0                       4.0      160.0        0.888889      0.913062  0.400000                  0.33                         3.0    element_wise         roulette        one_point
194.0      0.003125           0.002500                32.0                       4.0      320.0        1.000000      0.979145  0.800000                  0.00                         1.0    element_wise         roulette        one_point
85.0       0.003472           0.002500                 8.0                       8.0      288.0        1.000000      0.972186  0.720000                  0.10                         0.0    element_wise         roulette        one_point
199.0      0.003125           0.002500                32.0                       4.0      320.0        1.000000      0.976573  0.800000                  0.10                         2.0    element_wise         roulette        one_point
94.0       0.003472           0.002500                 8.0                       8.0      288.0        1.000000      0.963646  0.720000                  0.33                         1.0    element_wise         roulette        one_point
207.0      0.003125           0.002500                32.0                       4.0      320.0        1.000000      0.978932  0.800000                  0.33                         2.0    element_wise         roulette        one_point
96.0       0.003472           0.002500                 8.0                       8.0      288.0        1.000000      0.966176  0.720000                  0.33                         3.0    element_wise         roulette        one_point
202.0      0.003125           0.002375                32.0                       4.0      320.0        1.000000      0.968539  0.760000                  0.25                         1.0    element_wise         roulette        one_point
208.0      0.003125           0.002375                32.0                       4.0      320.0        1.000000      0.975758  0.760000                  0.33                         3.0    element_wise         roulette        one_point
95.0       0.003472           0.002361                 8.0                       8.0      288.0        1.000000      0.966458  0.680000                  0.33                         2.0    element_wise         roulette        one_point
84.0       0.003472           0.002361                 8.0                       8.0      288.0        1.000000      0.965396  0.680000                  0.00                         3.0    element_wise         roulette        one_point
92.0       0.003472           0.002361                 8.0                       8.0      288.0        1.000000      0.963867  0.680000                  0.25                         3.0    element_wise         roulette        one_point
88.0       0.003472           0.002361                 8.0                       8.0      288.0        1.000000      0.957218  0.680000                  0.10                         3.0    element_wise         roulette        one_point
138.0      0.005769           0.002250                16.0                       4.0      160.0        0.923077      0.918462  0.360000                  0.25                         1.0    element_wise         roulette        one_point
206.0      0.003125           0.002250                32.0                       4.0      320.0        1.000000      0.970519  0.720000                  0.33                         1.0    element_wise         roulette        one_point
133.0      0.005682           0.002250                16.0                       4.0      160.0        0.909091      0.923136  0.360000                  0.10                         0.0    element_wise         roulette        one_point
131.0      0.005769           0.002250                16.0                       4.0      160.0        0.923077      0.917069  0.360000                  0.00                         2.0    element_wise         roulette        one_point
195.0      0.003125           0.002250                32.0                       4.0      320.0        1.000000      0.969633  0.720000                  0.00                         2.0    element_wise         roulette        one_point
87.0       0.003472           0.002222                 8.0                       8.0      288.0        1.000000      0.958112  0.640000                  0.10                         2.0    element_wise         roulette        one_point
83.0       0.003472           0.002222                 8.0                       8.0      288.0        1.000000      0.967186  0.640000                  0.00                         2.0    element_wise         roulette        one_point
82.0       0.003472           0.002222                 8.0                       8.0      288.0        1.000000      0.954888  0.640000                  0.00                         1.0    element_wise         roulette        one_point
200.0      0.003125           0.002125                32.0                       4.0      320.0        1.000000      0.969506  0.680000                  0.10                         3.0    element_wise         roulette        one_point
6.0        0.020417           0.002083                 4.0                       4.0       40.0        0.816667      0.800738  0.083333                  0.10                         1.0    element_wise         roulette        one_point
201.0      0.003125           0.002083                32.0                       4.0      320.0        1.000000      0.963594  0.666667                  0.25                         0.0    element_wise         roulette        one_point
81.0       0.003472           0.002083                 8.0                       8.0      288.0        1.000000      0.952730  0.600000                  0.00                         0.0    element_wise         roulette        one_point
90.0       0.003472           0.002083                 8.0                       8.0      288.0        1.000000      0.965502  0.600000                  0.25                         1.0    element_wise         roulette        one_point
11.0       0.019231           0.002000                 4.0                       4.0       40.0        0.769231      0.779787  0.080000                  0.25                         2.0    element_wise         roulette        one_point
193.0      0.003125           0.002000                32.0                       4.0      320.0        1.000000      0.971450  0.640000                  0.00                         0.0    element_wise         roulette        one_point
77.0       0.010417           0.002000                 8.0                       4.0       80.0        0.833333      0.832049  0.160000                  0.33                         0.0    element_wise         roulette        one_point
197.0      0.003125           0.002000                32.0                       4.0      320.0        1.000000      0.957858  0.640000                  0.10                         0.0    element_wise         roulette        one_point
135.0      0.005682           0.002000                16.0                       4.0      160.0        0.909091      0.897268  0.320000                  0.10                         2.0    element_wise         roulette        one_point
31.0       0.006313           0.001944                 4.0                       8.0      144.0        0.909091      0.911667  0.280000                  0.33                         2.0    element_wise         roulette        one_point
91.0       0.003472           0.001944                 8.0                       8.0      288.0        1.000000      0.946174  0.560000                  0.25                         2.0    element_wise         roulette        one_point
93.0       0.003472           0.001806                 8.0                       8.0      288.0        1.000000      0.936490  0.520000                  0.33                         0.0    element_wise         roulette        one_point
136.0      0.005556           0.001750                16.0                       4.0      160.0        0.888889      0.905328  0.280000                  0.10                         3.0    element_wise         roulette        one_point
134.0      0.005682           0.001750                16.0                       4.0      160.0        0.909091      0.902872  0.280000                  0.10                         1.0    element_wise         roulette        one_point
142.0      0.005682           0.001750                16.0                       4.0      160.0        0.909091      0.915617  0.280000                  0.33                         1.0    element_wise         roulette        one_point
143.0      0.005682           0.001750                16.0                       4.0      160.0        0.909091      0.902620  0.280000                  0.33                         2.0    element_wise         roulette        one_point
130.0      0.005833           0.001750                16.0                       4.0      160.0        0.933333      0.920516  0.280000                  0.00                         1.0    element_wise         roulette        one_point
155.0      0.001736           0.001736                16.0                       8.0      576.0        1.000000      1.000000  1.000000                  0.25                         2.0    element_wise         roulette        one_point
148.0      0.001736           0.001736                16.0                       8.0      576.0        1.000000      1.000000  1.000000                  0.00                         3.0    element_wise         roulette        one_point
147.0      0.001736           0.001736                16.0                       8.0      576.0        1.000000      1.000000  1.000000                  0.00                         2.0    element_wise         roulette        one_point
145.0      0.001736           0.001736                16.0                       8.0      576.0        1.000000      1.000000  1.000000                  0.00                         0.0    element_wise         roulette        one_point
151.0      0.001736           0.001736                16.0                       8.0      576.0        1.000000      1.000000  1.000000                  0.10                         2.0    element_wise         roulette        one_point
154.0      0.001736           0.001736                16.0                       8.0      576.0        1.000000      1.000000  1.000000                  0.25                         1.0    element_wise         roulette        one_point
159.0      0.001736           0.001736                16.0                       8.0      576.0        1.000000      1.000000  1.000000                  0.33                         2.0    element_wise         roulette        one_point
157.0      0.001736           0.001736                16.0                       8.0      576.0        1.000000      1.000000  1.000000                  0.33                         0.0    element_wise         roulette        one_point
156.0      0.001736           0.001736                16.0                       8.0      576.0        1.000000      1.000000  1.000000                  0.25                         3.0    element_wise         roulette        one_point
153.0      0.001736           0.001667                16.0                       8.0      576.0        1.000000      0.996923  0.960000                  0.25                         0.0    element_wise         roulette        one_point
20.0       0.006410           0.001667                 4.0                       8.0      144.0        0.923077      0.908072  0.240000                  0.00                         3.0    element_wise         roulette        one_point
25.0       0.006173           0.001667                 4.0                       8.0      144.0        0.888889      0.876932  0.240000                  0.25                         0.0    element_wise         roulette        one_point
152.0      0.001736           0.001667                16.0                       8.0      576.0        1.000000      0.995556  0.960000                  0.10                         3.0    element_wise         roulette        one_point
32.0       0.005952           0.001667                 4.0                       8.0      144.0        0.857143      0.867314  0.240000                  0.33                         3.0    element_wise         roulette        one_point
160.0      0.001736           0.001667                16.0                       8.0      576.0        1.000000      0.996923  0.960000                  0.33                         3.0    element_wise         roulette        one_point
158.0      0.001736           0.001597                16.0                       8.0      576.0        1.000000      0.987556  0.920000                  0.33                         1.0    element_wise         roulette        one_point
146.0      0.001736           0.001597                16.0                       8.0      576.0        1.000000      0.992727  0.920000                  0.00                         1.0    element_wise         roulette        one_point
150.0      0.001736           0.001528                16.0                       8.0      576.0        1.000000      0.990620  0.880000                  0.10                         1.0    element_wise         roulette        one_point
149.0      0.001736           0.001528                16.0                       8.0      576.0        1.000000      0.990061  0.880000                  0.10                         0.0    element_wise         roulette        one_point
68.0       0.010000           0.001500                 8.0                       4.0       80.0        0.800000      0.810044  0.120000                  0.00                         3.0    element_wise         roulette        one_point
137.0      0.005682           0.001500                16.0                       4.0      160.0        0.909091      0.899591  0.240000                  0.25                         0.0    element_wise         roulette        one_point
140.0      0.005682           0.001500                16.0                       4.0      160.0        0.909091      0.899930  0.240000                  0.25                         3.0    element_wise         roulette        one_point
141.0      0.005682           0.001500                16.0                       4.0      160.0        0.909091      0.900291  0.240000                  0.33                         0.0    element_wise         roulette        one_point
69.0       0.010000           0.001500                 8.0                       4.0       80.0        0.800000      0.807944  0.120000                  0.10                         0.0    element_wise         roulette        one_point
23.0       0.006133           0.001447                 4.0                       8.0      144.0        0.883117      0.873128  0.208333                  0.10                         2.0    element_wise         roulette        one_point
89.0       0.003205           0.001389                 8.0                       8.0      288.0        0.923077      0.927734  0.400000                  0.25                         0.0    element_wise         roulette        one_point
17.0       0.006313           0.001389                 4.0                       8.0      144.0        0.909091      0.876732  0.200000                  0.00                         0.0    element_wise         roulette        one_point
19.0       0.006173           0.001111                 4.0                       8.0      144.0        0.888889      0.879054  0.160000                  0.00                         2.0    element_wise         roulette        one_point
21.0       0.006173           0.001111                 4.0                       8.0      144.0        0.888889      0.872462  0.160000                  0.10                         0.0    element_wise         roulette        one_point
26.0       0.006173           0.001111                 4.0                       8.0      144.0        0.888889      0.885563  0.160000                  0.25                         1.0    element_wise         roulette        one_point
28.0       0.005787           0.001111                 4.0                       8.0      144.0        0.833333      0.840200  0.160000                  0.25                         3.0    element_wise         roulette        one_point
46.0       0.001838           0.001103                 4.0                      16.0      544.0        1.000000      0.953855  0.600000                  0.33                         1.0    element_wise         roulette        one_point
33.0       0.001838           0.001103                 4.0                      16.0      544.0        1.000000      0.958314  0.600000                  0.00                         0.0    element_wise         roulette        one_point
129.0      0.005556           0.001042                16.0                       4.0      160.0        0.888889      0.899687  0.166667                  0.00                         0.0    element_wise         roulette        one_point
16.0       0.018466           0.001042                 4.0                       4.0       40.0        0.738636      0.747410  0.041667                  0.33                         3.0    element_wise         roulette        one_point
15.0       0.020000           0.001042                 4.0                       4.0       40.0        0.800000      0.767024  0.041667                  0.33                         2.0    element_wise         roulette        one_point
9.0        0.018019           0.001042                 4.0                       4.0       40.0        0.720779      0.706357  0.041667                  0.25                         0.0    element_wise         roulette        one_point
40.0       0.001838           0.001029                 4.0                      16.0      544.0        1.000000      0.931765  0.560000                  0.10                         3.0    element_wise         roulette        one_point
2.0        0.020000           0.001000                 4.0                       4.0       40.0        0.800000      0.751689  0.040000                  0.00                         1.0    element_wise         roulette        one_point
1.0        0.018750           0.001000                 4.0                       4.0       40.0        0.750000      0.754932  0.040000                  0.00                         0.0    element_wise         roulette        one_point
67.0       0.010000           0.001000                 8.0                       4.0       80.0        0.800000      0.817870  0.080000                  0.00                         2.0    element_wise         roulette        one_point
78.0       0.010417           0.001000                 8.0                       4.0       80.0        0.833333      0.830793  0.080000                  0.33                         1.0    element_wise         roulette        one_point
10.0       0.017857           0.001000                 4.0                       4.0       40.0        0.714286      0.733942  0.040000                  0.25                         1.0    element_wise         roulette        one_point
4.0        0.018182           0.001000                 4.0                       4.0       40.0        0.727273      0.748599  0.040000                  0.00                         3.0    element_wise         roulette        one_point
3.0        0.019231           0.001000                 4.0                       4.0       40.0        0.769231      0.762879  0.040000                  0.00                         2.0    element_wise         roulette        one_point
71.0       0.010000           0.001000                 8.0                       4.0       80.0        0.800000      0.816128  0.080000                  0.10                         2.0    element_wise         roulette        one_point
76.0       0.010000           0.001000                 8.0                       4.0       80.0        0.800000      0.758854  0.080000                  0.25                         3.0    element_wise         roulette        one_point
79.0       0.010000           0.001000                 8.0                       4.0       80.0        0.800000      0.823873  0.080000                  0.33                         2.0    element_wise         roulette        one_point
43.0       0.001838           0.000956                 4.0                      16.0      544.0        1.000000      0.951692  0.520000                  0.25                         2.0    element_wise         roulette        one_point
41.0       0.001838           0.000956                 4.0                      16.0      544.0        1.000000      0.946155  0.520000                  0.25                         0.0    element_wise         roulette        one_point
103.0      0.000919           0.000919                 8.0                      16.0     1088.0        1.000000      1.000000  1.000000                  0.10                         2.0    element_wise         roulette        one_point
97.0       0.000919           0.000919                 8.0                      16.0     1088.0        1.000000      1.000000  1.000000                  0.00                         0.0    element_wise         roulette        one_point
101.0      0.000919           0.000919                 8.0                      16.0     1088.0        1.000000      1.000000  1.000000                  0.10                         0.0    element_wise         roulette        one_point
110.0      0.000919           0.000882                 8.0                      16.0     1088.0        1.000000      0.994286  0.960000                  0.33                         1.0    element_wise         roulette        one_point
104.0      0.000919           0.000882                 8.0                      16.0     1088.0        1.000000      0.995556  0.960000                  0.10                         3.0    element_wise         roulette        one_point
42.0       0.001697           0.000882                 4.0                      16.0      544.0        0.923077      0.949655  0.480000                  0.25                         1.0    element_wise         roulette        one_point
106.0      0.000919           0.000882                 8.0                      16.0     1088.0        1.000000      0.995556  0.960000                  0.25                         1.0    element_wise         roulette        one_point
108.0      0.000919           0.000882                 8.0                      16.0     1088.0        1.000000      0.996364  0.960000                  0.25                         3.0    element_wise         roulette        one_point
216.0      0.000868           0.000868                32.0                       8.0     1152.0        1.000000      1.000000  1.000000                  0.10                         3.0    element_wise         roulette        one_point
211.0      0.000868           0.000868                32.0                       8.0     1152.0        1.000000      1.000000  1.000000                  0.00                         2.0    element_wise         roulette        one_point
210.0      0.000868           0.000868                32.0                       8.0     1152.0        1.000000      1.000000  1.000000                  0.00                         1.0    element_wise         roulette        one_point
29.0       0.005870           0.000868                 4.0                       8.0      144.0        0.845238      0.849822  0.125000                  0.33                         0.0    element_wise         roulette        one_point
213.0      0.000868           0.000868                32.0                       8.0     1152.0        1.000000      1.000000  1.000000                  0.10                         0.0    element_wise         roulette        one_point
209.0      0.000868           0.000868                32.0                       8.0     1152.0        1.000000      1.000000  1.000000                  0.00                         0.0    element_wise         roulette        one_point
214.0      0.000868           0.000868                32.0                       8.0     1152.0        1.000000      1.000000  1.000000                  0.10                         1.0    element_wise         roulette        one_point
215.0      0.000868           0.000868                32.0                       8.0     1152.0        1.000000      1.000000  1.000000                  0.10                         2.0    element_wise         roulette        one_point
212.0      0.000868           0.000868                32.0                       8.0     1152.0        1.000000      1.000000  1.000000                  0.00                         3.0    element_wise         roulette        one_point
217.0      0.000868           0.000868                32.0                       8.0     1152.0        1.000000      1.000000  1.000000                  0.25                         0.0    element_wise         roulette        one_point
218.0      0.000868           0.000868                32.0                       8.0     1152.0        1.000000      1.000000  1.000000                  0.25                         1.0    element_wise         roulette        one_point
219.0      0.000868           0.000868                32.0                       8.0     1152.0        1.000000      1.000000  1.000000                  0.25                         2.0    element_wise         roulette        one_point
220.0      0.000868           0.000868                32.0                       8.0     1152.0        1.000000      1.000000  1.000000                  0.25                         3.0    element_wise         roulette        one_point
221.0      0.000868           0.000868                32.0                       8.0     1152.0        1.000000      1.000000  1.000000                  0.33                         0.0    element_wise         roulette        one_point
222.0      0.000868           0.000868                32.0                       8.0     1152.0        1.000000      1.000000  1.000000                  0.33                         1.0    element_wise         roulette        one_point
223.0      0.000868           0.000868                32.0                       8.0     1152.0        1.000000      1.000000  1.000000                  0.33                         2.0    element_wise         roulette        one_point
224.0      0.000868           0.000868                32.0                       8.0     1152.0        1.000000      1.000000  1.000000                  0.33                         3.0    element_wise         roulette        one_point
99.0       0.000919           0.000846                 8.0                      16.0     1088.0        1.000000      0.989841  0.920000                  0.00                         2.0    element_wise         roulette        one_point
111.0      0.000919           0.000846                 8.0                      16.0     1088.0        1.000000      0.990649  0.920000                  0.33                         2.0    element_wise         roulette        one_point
100.0      0.000919           0.000846                 8.0                      16.0     1088.0        1.000000      0.986286  0.920000                  0.00                         3.0    element_wise         roulette        one_point
102.0      0.000919           0.000846                 8.0                      16.0     1088.0        1.000000      0.992479  0.920000                  0.10                         1.0    element_wise         roulette        one_point
112.0      0.000919           0.000846                 8.0                      16.0     1088.0        1.000000      0.994980  0.920000                  0.33                         3.0    element_wise         roulette        one_point
109.0      0.000919           0.000846                 8.0                      16.0     1088.0        1.000000      0.988364  0.920000                  0.33                         0.0    element_wise         roulette        one_point
27.0       0.006173           0.000833                 4.0                       8.0      144.0        0.888889      0.843868  0.120000                  0.25                         2.0    element_wise         roulette        one_point
98.0       0.000919           0.000809                 8.0                      16.0     1088.0        1.000000      0.989650  0.880000                  0.00                         1.0    element_wise         roulette        one_point
44.0       0.001697           0.000809                 4.0                      16.0      544.0        0.923077      0.931231  0.440000                  0.25                         3.0    element_wise         roulette        one_point
34.0       0.001716           0.000809                 4.0                      16.0      544.0        0.933333      0.938511  0.440000                  0.00                         1.0    element_wise         roulette        one_point
107.0      0.000919           0.000809                 8.0                      16.0     1088.0        1.000000      0.988034  0.880000                  0.25                         2.0    element_wise         roulette        one_point
105.0      0.000919           0.000772                 8.0                      16.0     1088.0        1.000000      0.987297  0.840000                  0.25                         0.0    element_wise         roulette        one_point
36.0       0.001697           0.000735                 4.0                      16.0      544.0        0.923077      0.927724  0.400000                  0.00                         3.0    element_wise         roulette        one_point
48.0       0.001716           0.000735                 4.0                      16.0      544.0        0.933333      0.936588  0.400000                  0.33                         3.0    element_wise         roulette        one_point
39.0       0.001697           0.000662                 4.0                      16.0      544.0        0.923077      0.922671  0.360000                  0.10                         2.0    element_wise         roulette        one_point
45.0       0.001697           0.000662                 4.0                      16.0      544.0        0.923077      0.928613  0.360000                  0.33                         0.0    element_wise         roulette        one_point
47.0       0.001697           0.000588                 4.0                      16.0      544.0        0.923077      0.931504  0.320000                  0.33                         2.0    element_wise         roulette        one_point
30.0       0.005952           0.000556                 4.0                       8.0      144.0        0.857143      0.854803  0.080000                  0.33                         1.0    element_wise         roulette        one_point
22.0       0.005952           0.000556                 4.0                       8.0      144.0        0.857143      0.848672  0.080000                  0.10                         1.0    element_wise         roulette        one_point
24.0       0.006173           0.000556                 4.0                       8.0      144.0        0.888889      0.857096  0.080000                  0.10                         3.0    element_wise         roulette        one_point
80.0       0.010208           0.000521                 8.0                       4.0       80.0        0.816667      0.820198  0.041667                  0.33                         3.0    element_wise         roulette        one_point
38.0       0.001697           0.000515                 4.0                      16.0      544.0        0.923077      0.916689  0.280000                  0.10                         1.0    element_wise         roulette        one_point
37.0       0.001697           0.000515                 4.0                      16.0      544.0        0.923077      0.922537  0.280000                  0.10                         0.0    element_wise         roulette        one_point
35.0       0.001671           0.000515                 4.0                      16.0      544.0        0.909091      0.916725  0.280000                  0.00                         2.0    element_wise         roulette        one_point
75.0       0.010714           0.000500                 8.0                       4.0       80.0        0.857143      0.807855  0.040000                  0.25                         2.0    element_wise         roulette        one_point
74.0       0.010000           0.000500                 8.0                       4.0       80.0        0.800000      0.802417  0.040000                  0.25                         1.0    element_wise         roulette        one_point
72.0       0.010000           0.000500                 8.0                       4.0       80.0        0.800000      0.819090  0.040000                  0.10                         3.0    element_wise         roulette        one_point
66.0       0.010000           0.000500                 8.0                       4.0       80.0        0.800000      0.805787  0.040000                  0.00                         1.0    element_wise         roulette        one_point
49.0       0.000473           0.000473                 4.0                      32.0     2112.0        1.000000      1.000000  1.000000                  0.00                         0.0    element_wise         roulette        one_point
60.0       0.000473           0.000473                 4.0                      32.0     2112.0        1.000000      1.000000  1.000000                  0.25                         3.0    element_wise         roulette        one_point
58.0       0.000473           0.000473                 4.0                      32.0     2112.0        1.000000      1.000000  1.000000                  0.25                         1.0    element_wise         roulette        one_point
55.0       0.000473           0.000473                 4.0                      32.0     2112.0        1.000000      1.000000  1.000000                  0.10                         2.0    element_wise         roulette        one_point
53.0       0.000473           0.000473                 4.0                      32.0     2112.0        1.000000      1.000000  1.000000                  0.10                         0.0    element_wise         roulette        one_point
51.0       0.000473           0.000473                 4.0                      32.0     2112.0        1.000000      1.000000  1.000000                  0.00                         2.0    element_wise         roulette        one_point
50.0       0.000473           0.000473                 4.0                      32.0     2112.0        1.000000      1.000000  1.000000                  0.00                         1.0    element_wise         roulette        one_point
61.0       0.000473           0.000473                 4.0                      32.0     2112.0        1.000000      1.000000  1.000000                  0.33                         0.0    element_wise         roulette        one_point
174.0      0.000460           0.000460                16.0                      16.0     2176.0        1.000000      1.000000  1.000000                  0.33                         1.0    element_wise         roulette        one_point
176.0      0.000460           0.000460                16.0                      16.0     2176.0        1.000000      1.000000  1.000000                  0.33                         3.0    element_wise         roulette        one_point
175.0      0.000460           0.000460                16.0                      16.0     2176.0        1.000000      1.000000  1.000000                  0.33                         2.0    element_wise         roulette        one_point
173.0      0.000460           0.000460                16.0                      16.0     2176.0        1.000000      1.000000  1.000000                  0.33                         0.0    element_wise         roulette        one_point
172.0      0.000460           0.000460                16.0                      16.0     2176.0        1.000000      1.000000  1.000000                  0.25                         3.0    element_wise         roulette        one_point
171.0      0.000460           0.000460                16.0                      16.0     2176.0        1.000000      1.000000  1.000000                  0.25                         2.0    element_wise         roulette        one_point
162.0      0.000460           0.000460                16.0                      16.0     2176.0        1.000000      1.000000  1.000000                  0.00                         1.0    element_wise         roulette        one_point
161.0      0.000460           0.000460                16.0                      16.0     2176.0        1.000000      1.000000  1.000000                  0.00                         0.0    element_wise         roulette        one_point
165.0      0.000460           0.000460                16.0                      16.0     2176.0        1.000000      1.000000  1.000000                  0.10                         0.0    element_wise         roulette        one_point
166.0      0.000460           0.000460                16.0                      16.0     2176.0        1.000000      1.000000  1.000000                  0.10                         1.0    element_wise         roulette        one_point
167.0      0.000460           0.000460                16.0                      16.0     2176.0        1.000000      1.000000  1.000000                  0.10                         2.0    element_wise         roulette        one_point
168.0      0.000460           0.000460                16.0                      16.0     2176.0        1.000000      1.000000  1.000000                  0.10                         3.0    element_wise         roulette        one_point
169.0      0.000460           0.000460                16.0                      16.0     2176.0        1.000000      1.000000  1.000000                  0.25                         0.0    element_wise         roulette        one_point
170.0      0.000460           0.000460                16.0                      16.0     2176.0        1.000000      1.000000  1.000000                  0.25                         1.0    element_wise         roulette        one_point
163.0      0.000460           0.000460                16.0                      16.0     2176.0        1.000000      1.000000  1.000000                  0.00                         2.0    element_wise         roulette        one_point
164.0      0.000460           0.000460                16.0                      16.0     2176.0        1.000000      1.000000  1.000000                  0.00                         3.0    element_wise         roulette        one_point
18.0       0.005952           0.000278                 4.0                       8.0      144.0        0.857143      0.846021  0.040000                  0.00                         1.0    element_wise         roulette        one_point
139.0      0.005556           0.000250                16.0                       4.0      160.0        0.888889      0.869493  0.040000                  0.25                         2.0    element_wise         roulette        one_point
124.0      0.000237           0.000237                 8.0                      32.0     4224.0        1.000000      1.000000  1.000000                  0.25                         3.0    element_wise         roulette        one_point
123.0      0.000237           0.000237                 8.0                      32.0     4224.0        1.000000      1.000000  1.000000                  0.25                         2.0    element_wise         roulette        one_point
122.0      0.000237           0.000237                 8.0                      32.0     4224.0        1.000000      1.000000  1.000000                  0.25                         1.0    element_wise         roulette        one_point
121.0      0.000237           0.000237                 8.0                      32.0     4224.0        1.000000      1.000000  1.000000                  0.25                         0.0    element_wise         roulette        one_point
120.0      0.000237           0.000237                 8.0                      32.0     4224.0        1.000000      1.000000  1.000000                  0.10                         3.0    element_wise         roulette        one_point
118.0      0.000237           0.000237                 8.0                      32.0     4224.0        1.000000      1.000000  1.000000                  0.10                         1.0    element_wise         roulette        one_point
117.0      0.000237           0.000237                 8.0                      32.0     4224.0        1.000000      1.000000  1.000000                  0.10                         0.0    element_wise         roulette        one_point
116.0      0.000237           0.000237                 8.0                      32.0     4224.0        1.000000      1.000000  1.000000                  0.00                         3.0    element_wise         roulette        one_point
114.0      0.000237           0.000237                 8.0                      32.0     4224.0        1.000000      1.000000  1.000000                  0.00                         1.0    element_wise         roulette        one_point
127.0      0.000237           0.000237                 8.0                      32.0     4224.0        1.000000      1.000000  1.000000                  0.33                         2.0    element_wise         roulette        one_point
126.0      0.000237           0.000237                 8.0                      32.0     4224.0        1.000000      1.000000  1.000000                  0.33                         1.0    element_wise         roulette        one_point
228.0      0.000230           0.000230                32.0                      16.0     4352.0        1.000000      1.000000  1.000000                  0.00                         3.0    element_wise         roulette        one_point
225.0      0.000230           0.000230                32.0                      16.0     4352.0        1.000000      1.000000  1.000000                  0.00                         0.0    element_wise         roulette        one_point
239.0      0.000230           0.000230                32.0                      16.0     4352.0        1.000000      1.000000  1.000000                  0.33                         2.0    element_wise         roulette        one_point
238.0      0.000230           0.000230                32.0                      16.0     4352.0        1.000000      1.000000  1.000000                  0.33                         1.0    element_wise         roulette        one_point
237.0      0.000230           0.000230                32.0                      16.0     4352.0        1.000000      1.000000  1.000000                  0.33                         0.0    element_wise         roulette        one_point
236.0      0.000230           0.000230                32.0                      16.0     4352.0        1.000000      1.000000  1.000000                  0.25                         3.0    element_wise         roulette        one_point
235.0      0.000230           0.000230                32.0                      16.0     4352.0        1.000000      1.000000  1.000000                  0.25                         2.0    element_wise         roulette        one_point
234.0      0.000230           0.000230                32.0                      16.0     4352.0        1.000000      1.000000  1.000000                  0.25                         1.0    element_wise         roulette        one_point
233.0      0.000230           0.000230                32.0                      16.0     4352.0        1.000000      1.000000  1.000000                  0.25                         0.0    element_wise         roulette        one_point
232.0      0.000230           0.000230                32.0                      16.0     4352.0        1.000000      1.000000  1.000000                  0.10                         3.0    element_wise         roulette        one_point
231.0      0.000230           0.000230                32.0                      16.0     4352.0        1.000000      1.000000  1.000000                  0.10                         2.0    element_wise         roulette        one_point
230.0      0.000230           0.000230                32.0                      16.0     4352.0        1.000000      1.000000  1.000000                  0.10                         1.0    element_wise         roulette        one_point
229.0      0.000230           0.000230                32.0                      16.0     4352.0        1.000000      1.000000  1.000000                  0.10                         0.0    element_wise         roulette        one_point
227.0      0.000230           0.000230                32.0                      16.0     4352.0        1.000000      1.000000  1.000000                  0.00                         2.0    element_wise         roulette        one_point
226.0      0.000230           0.000230                32.0                      16.0     4352.0        1.000000      1.000000  1.000000                  0.00                         1.0    element_wise         roulette        one_point
240.0      0.000230           0.000230                32.0                      16.0     4352.0        1.000000      1.000000  1.000000                  0.33                         3.0    element_wise         roulette        one_point
184.0      0.000118           0.000118                16.0                      32.0     8448.0        1.000000      1.000000  1.000000                  0.10                         3.0    element_wise         roulette        one_point
188.0      0.000118           0.000118                16.0                      32.0     8448.0        1.000000      1.000000  1.000000                  0.25                         3.0    element_wise         roulette        one_point
192.0      0.000118           0.000118                16.0                      32.0     8448.0        1.000000      1.000000  1.000000                  0.33                         3.0    element_wise         roulette        one_point
180.0      0.000118           0.000118                16.0                      32.0     8448.0        1.000000      1.000000  1.000000                  0.00                         3.0    element_wise         roulette        one_point
190.0      0.000118           0.000118                16.0                      32.0     8448.0        1.000000      1.000000  1.000000                  0.33                         1.0    element_wise         roulette        one_point
189.0      0.000118           0.000118                16.0                      32.0     8448.0        1.000000      1.000000  1.000000                  0.33                         0.0    element_wise         roulette        one_point
191.0      0.000118           0.000118                16.0                      32.0     8448.0        1.000000      1.000000  1.000000                  0.33                         2.0    element_wise         roulette        one_point
186.0      0.000118           0.000118                16.0                      32.0     8448.0        1.000000      1.000000  1.000000                  0.25                         1.0    element_wise         roulette        one_point
185.0      0.000118           0.000118                16.0                      32.0     8448.0        1.000000      1.000000  1.000000                  0.25                         0.0    element_wise         roulette        one_point
177.0      0.000118           0.000118                16.0                      32.0     8448.0        1.000000      1.000000  1.000000                  0.00                         0.0    element_wise         roulette        one_point
178.0      0.000118           0.000118                16.0                      32.0     8448.0        1.000000      1.000000  1.000000                  0.00                         1.0    element_wise         roulette        one_point
242.0      0.000059           0.000059                32.0                      32.0    16896.0        1.000000      1.000000  1.000000                  0.00                         1.0    element_wise         roulette        one_point
241.0      0.000059           0.000059                32.0                      32.0    16896.0        1.000000      1.000000  1.000000                  0.00                         0.0    element_wise         roulette        one_point
245.0      0.000059           0.000059                32.0                      32.0    16896.0        1.000000      1.000000  1.000000                  0.10                         0.0    element_wise         roulette        one_point
246.0      0.000059           0.000059                32.0                      32.0    16896.0        1.000000      1.000000  1.000000                  0.10                         1.0    element_wise         roulette        one_point
247.0      0.000059           0.000059                32.0                      32.0    16896.0        1.000000      1.000000  1.000000                  0.10                         2.0    element_wise         roulette        one_point
249.0      0.000059           0.000059                32.0                      32.0    16896.0        1.000000      1.000000  1.000000                  0.25                         0.0    element_wise         roulette        one_point
250.0      0.000059           0.000059                32.0                      32.0    16896.0        1.000000      1.000000  1.000000                  0.25                         1.0    element_wise         roulette        one_point
251.0      0.000059           0.000059                32.0                      32.0    16896.0        1.000000      1.000000  1.000000                  0.25                         2.0    element_wise         roulette        one_point
254.0      0.000059           0.000059                32.0                      32.0    16896.0        1.000000      1.000000  1.000000                  0.33                         1.0    element_wise         roulette        one_point
256.0      0.000059           0.000059                32.0                      32.0    16896.0        1.000000      1.000000  1.000000                  0.33                         3.0    element_wise         roulette        one_point
5.0        0.018182           0.000000                 4.0                       4.0       40.0        0.727273      0.718280  0.000000                  0.10                         0.0    element_wise         roulette        one_point
73.0       0.010417           0.000000                 8.0                       4.0       80.0        0.833333      0.813964  0.000000                  0.25                         0.0    element_wise         roulette        one_point
70.0       0.010000           0.000000                 8.0                       4.0       80.0        0.800000      0.787139  0.000000                  0.10                         1.0    element_wise         roulette        one_point
14.0       0.017424           0.000000                 4.0                       4.0       40.0        0.696970      0.699174  0.000000                  0.33                         1.0    element_wise         roulette        one_point
65.0       0.009615           0.000000                 8.0                       4.0       80.0        0.769231      0.768747  0.000000                  0.00                         0.0    element_wise         roulette        one_point
13.0       0.018750           0.000000                 4.0                       4.0       40.0        0.750000      0.762290  0.000000                  0.33                         0.0    element_wise         roulette        one_point
12.0       0.018182           0.000000                 4.0                       4.0       40.0        0.727273      0.744587  0.000000                  0.25                         3.0    element_wise         roulette        one_point
8.0        0.019231           0.000000                 4.0                       4.0       40.0        0.769231      0.757426  0.000000                  0.10                         3.0    element_wise         roulette        one_point
7.0        0.018750           0.000000                 4.0                       4.0       40.0        0.750000      0.763679  0.000000                  0.10                         2.0    element_wise         roulette        one_point
52.0            NaN                NaN                 4.0                      32.0     2112.0             NaN           NaN       NaN                  0.00                         3.0    element_wise         roulette        one_point
54.0            NaN                NaN                 4.0                      32.0     2112.0             NaN           NaN       NaN                  0.10                         1.0    element_wise         roulette        one_point
56.0            NaN                NaN                 4.0                      32.0     2112.0             NaN           NaN       NaN                  0.10                         3.0    element_wise         roulette        one_point
57.0            NaN                NaN                 4.0                      32.0     2112.0             NaN           NaN       NaN                  0.25                         0.0    element_wise         roulette        one_point
59.0            NaN                NaN                 4.0                      32.0     2112.0             NaN           NaN       NaN                  0.25                         2.0    element_wise         roulette        one_point
62.0            NaN                NaN                 4.0                      32.0     2112.0             NaN           NaN       NaN                  0.33                         1.0    element_wise         roulette        one_point
63.0            NaN                NaN                 4.0                      32.0     2112.0             NaN           NaN       NaN                  0.33                         2.0    element_wise         roulette        one_point
64.0            NaN                NaN                 4.0                      32.0     2112.0             NaN           NaN       NaN                  0.33                         3.0    element_wise         roulette        one_point
113.0           NaN                NaN                 8.0                      32.0     4224.0             NaN           NaN       NaN                  0.00                         0.0    element_wise         roulette        one_point
115.0           NaN                NaN                 8.0                      32.0     4224.0             NaN           NaN       NaN                  0.00                         2.0    element_wise         roulette        one_point
119.0           NaN                NaN                 8.0                      32.0     4224.0             NaN           NaN       NaN                  0.10                         2.0    element_wise         roulette        one_point
125.0           NaN                NaN                 8.0                      32.0     4224.0             NaN           NaN       NaN                  0.33                         0.0    element_wise         roulette        one_point
128.0           NaN                NaN                 8.0                      32.0     4224.0             NaN           NaN       NaN                  0.33                         3.0    element_wise         roulette        one_point
179.0           NaN                NaN                16.0                      32.0     8448.0             NaN           NaN       NaN                  0.00                         2.0    element_wise         roulette        one_point
181.0           NaN                NaN                16.0                      32.0     8448.0             NaN           NaN       NaN                  0.10                         0.0    element_wise         roulette        one_point
182.0           NaN                NaN                16.0                      32.0     8448.0             NaN           NaN       NaN                  0.10                         1.0    element_wise         roulette        one_point
183.0           NaN                NaN                16.0                      32.0     8448.0             NaN           NaN       NaN                  0.10                         2.0    element_wise         roulette        one_point
187.0           NaN                NaN                16.0                      32.0     8448.0             NaN           NaN       NaN                  0.25                         2.0    element_wise         roulette        one_point
243.0           NaN                NaN                32.0                      32.0    16896.0             NaN           NaN       NaN                  0.00                         2.0    element_wise         roulette        one_point
244.0           NaN                NaN                32.0                      32.0    16896.0             NaN           NaN       NaN                  0.00                         3.0    element_wise         roulette        one_point
248.0           NaN                NaN                32.0                      32.0    16896.0             NaN           NaN       NaN                  0.10                         3.0    element_wise         roulette        one_point
252.0           NaN                NaN                32.0                      32.0    16896.0             NaN           NaN       NaN                  0.25                         3.0    element_wise         roulette        one_point
253.0           NaN                NaN                32.0                      32.0    16896.0             NaN           NaN       NaN                  0.33                         0.0    element_wise         roulette        one_point
255.0           NaN                NaN                32.0                      32.0    16896.0             NaN           NaN       NaN                  0.33                         2.0    element_wise         roulette        one_point