
8794806
8794811
8794803
8794805
8794730
8794807
8794810
8794804
8794735
8794729
8794714
8794726
8794733
8794725
8794728
8794808
8794719
8794720
8794722
8794716
8794715
8794717
8794718
8794814
8794734
8794732
8794721
8794813
8794815
8794724
8794723
8794731
8794727
8794736
8794809
8794812
8794743
8794737
8794741
8794740
8794739
8794738
8794745
8794754
8794742
8794749
8794774
8794755
8794760
8794778
8794771
8794766
8794753
8794777
8794757
8794776
8794750
8794781
8794770
8794746
8794782
8794751
8794802
8794752
8794748
8794747
8794761
8794744
8794783
8794775
8794762
8794767
8794772
8794796
8794758
8794779
8794792
8794773
8794769
8794788
8794786
8794764
8794800
8794790
8794763
8794784
8794794
8794759
8794793
8794765
8794798
8794768
8794799
8794789
