
7791088
7791089
7791090
7791091
7791092
7791093
7791094
7791095
7791096
7791097
7791098
7791099
7791100
7791101
7791102
7791103
7791104
7791105
7791106
7791107
7791108
7791109
7791110
7791111
7791112
7791113
7791115
7791114
7791116
7791118
7791117
7791119
7791120
7791121
7791122
7791123
7791124
7791125
7791126
7791127
7791128
7791129
7791130
7791131
7791132
7791133
7791134
7791135
7791136
7791137
7791138
7791139
7791140
7791141
7791142
7791143
7791144
7791145
7791146
7791147
7791148
7791149
7791150
7791151
7791152
7791153
7791154
7791155
7791156
7791157
7791158
7791159
7791160
7791161
7791162
7791163
7791164
7791165
7791166
7791167
7791168
7791169
7791170
7791171
7791172
7791173
7791174
7791175
7791176
7791177
7791178
7791179
7791180
7791181
7791182
7791183
7791184
7791186
7791185
7791187
