

Models 0/1 
	ID_A 0 [len 10]: [0.77000000000000002, 0.40999999999999998, 0.34999999999999998, 1.0700000000000001, 2.0699999999999998, 0.080000000000000002, 0.10000000000000001, 0.12, 0.13, 0.14999999999999999] 
	ID_B 1 [len 10]: [0.40000000000000002, 0.80000000000000004, 0.28000000000000003, 0.68999999999999995, 4.8399999999999999, 0.080000000000000002, 0.10000000000000001, 0.12, 0.13, 0.14999999999999999]


Models 0/2 
	ID_A 0 [len 10]: [1.27, 1.2, 0.28999999999999998, 0.11, 0.48999999999999999, 0.080000000000000002, 0.10000000000000001, 0.12, 0.13, 0.14999999999999999] 
	ID_B 2 [len 10]: [0.40000000000000002, 0.80000000000000004, 0.28000000000000003, 0.68999999999999995, 4.8399999999999999, 0.080000000000000002, 0.10000000000000001, 0.12, 0.13, 0.14999999999999999]


Models 1/2 
	ID_A 1 [len 10]: [1.27, 1.2, 0.28999999999999998, 0.11, 0.48999999999999999, 0.080000000000000002, 0.10000000000000001, 0.12, 0.13, 0.14999999999999999] 
	ID_B 2 [len 10]: [0.77000000000000002, 0.40999999999999998, 0.34999999999999998, 1.0700000000000001, 2.0699999999999998, 0.080000000000000002, 0.10000000000000001, 0.12, 0.13, 0.14999999999999999]


Models 3.0/4.0 
	ID_A 3.0 [len 10]: [0.31, 0.77000000000000002, 0.31, 0.12, 0.25, 0.080000000000000002, 0.10000000000000001, 0.12, 0.13, 0.14999999999999999] 
	ID_B 4.0 [len 10]: [0.28000000000000003, 0.14000000000000001, 0.27000000000000002, 0.81999999999999995, 0.10000000000000001, 0.080000000000000002, 0.10000000000000001, 0.12, 0.13, 0.14999999999999999]


Models 7.0/8.0 
	ID_A 7.0 [len 10]: [0.070000000000000007, 0.10000000000000001, 0.23999999999999999, 0.12, 0.17000000000000001, 0.080000000000000002, 0.10000000000000001, 0.12, 0.13, 0.14999999999999999] 
	ID_B 8.0 [len 10]: [0.10000000000000001, 0.040000000000000001, 0.080000000000000002, 0.25, 0.23000000000000001, 0.080000000000000002, 0.10000000000000001, 0.12, 0.13, 0.14999999999999999]


Models 6.0/8.0 
	ID_A 6.0 [len 10]: [0.070000000000000007, 0.10000000000000001, 0.23999999999999999, 0.12, 0.17000000000000001, 0.080000000000000002, 0.10000000000000001, 0.12, 0.13, 0.14999999999999999] 
	ID_B 8.0 [len 10]: [0.10000000000000001, 0.20000000000000001, 0.14999999999999999, 0.059999999999999998, 0.089999999999999997, 0.080000000000000002, 0.10000000000000001, 0.12, 0.13, 0.14999999999999999]


Models 6.0/7.0 
	ID_A 6.0 [len 10]: [0.10000000000000001, 0.040000000000000001, 0.080000000000000002, 0.25, 0.23000000000000001, 0.080000000000000002, 0.10000000000000001, 0.12, 0.13, 0.14999999999999999] 
	ID_B 7.0 [len 10]: [0.10000000000000001, 0.20000000000000001, 0.14999999999999999, 0.059999999999999998, 0.089999999999999997, 0.080000000000000002, 0.10000000000000001, 0.12, 0.13, 0.14999999999999999]


Models 9.0/10.0 
	ID_A 9.0 [len 10]: [0.080000000000000002, 0.080000000000000002, 0.070000000000000007, 0.080000000000000002, 0.14999999999999999, 0.080000000000000002, 0.10000000000000001, 0.12, 0.13, 0.14999999999999999] 
	ID_B 10.0 [len 10]: [0.10000000000000001, 0.040000000000000001, 0.059999999999999998, 0.059999999999999998, 0.040000000000000001, 0.080000000000000002, 0.10000000000000001, 0.12, 0.13, 0.14999999999999999]


Models 13.0/14.0 
	ID_A 13.0 [len 10]: [0.070000000000000007, 0.050000000000000003, 0.059999999999999998, 0.059999999999999998, 0.059999999999999998, 0.080000000000000002, 0.10000000000000001, 0.12, 0.13, 0.14999999999999999] 
	ID_B 14.0 [len 10]: [0.050000000000000003, 0.14000000000000001, 0.029999999999999999, 0.080000000000000002, 0.040000000000000001, 0.080000000000000002, 0.10000000000000001, 0.12, 0.13, 0.14999999999999999]


Models 12.0/13.0 
	ID_A 12.0 [len 10]: [0.050000000000000003, 0.14000000000000001, 0.029999999999999999, 0.080000000000000002, 0.040000000000000001, 0.080000000000000002, 0.10000000000000001, 0.12, 0.13, 0.14999999999999999] 
	ID_B 13.0 [len 10]: [0.050000000000000003, 0.040000000000000001, 0.050000000000000003, 0.059999999999999998, 0.059999999999999998, 0.080000000000000002, 0.10000000000000001, 0.12, 0.13, 0.14999999999999999]


Models 12.0/14.0 
	ID_A 12.0 [len 10]: [0.070000000000000007, 0.050000000000000003, 0.059999999999999998, 0.059999999999999998, 0.059999999999999998, 0.080000000000000002, 0.10000000000000001, 0.12, 0.13, 0.14999999999999999] 
	ID_B 14.0 [len 10]: [0.050000000000000003, 0.040000000000000001, 0.050000000000000003, 0.059999999999999998, 0.059999999999999998, 0.080000000000000002, 0.10000000000000001, 0.12, 0.13, 0.14999999999999999]


Models 15.0/16.0 
	ID_A 15.0 [len 10]: [0.050000000000000003, 0.040000000000000001, 0.029999999999999999, 0.080000000000000002, 0.070000000000000007, 0.080000000000000002, 0.10000000000000001, 0.12, 0.13, 0.14999999999999999] 
	ID_B 16.0 [len 10]: [0.040000000000000001, 0.070000000000000007, 0.059999999999999998, 0.040000000000000001, 0.029999999999999999, 0.080000000000000002, 0.10000000000000001, 0.12, 0.13, 0.14999999999999999]


Models 9/11 
	ID_A 9 [len 10]: [0.070000000000000007, 0.050000000000000003, 0.059999999999999998, 0.040000000000000001, 0.11, 0.080000000000000002, 0.10000000000000001, 0.12, 0.13, 0.14999999999999999] 
	ID_B 11 [len 10]: [0.10000000000000001, 0.040000000000000001, 0.059999999999999998, 0.059999999999999998, 0.040000000000000001, 0.080000000000000002, 0.10000000000000001, 0.12, 0.13, 0.14999999999999999]


Models 4/5 
	ID_A 4 [len 10]: [0.14999999999999999, 0.35999999999999999, 0.13, 0.22, 0.45000000000000001, 0.080000000000000002, 0.10000000000000001, 0.12, 0.13, 0.14999999999999999] 
	ID_B 5 [len 10]: [0.31, 0.77000000000000002, 0.31, 0.12, 0.25, 0.080000000000000002, 0.10000000000000001, 0.12, 0.13, 0.14999999999999999]


Models 5/6 
	ID_A 5 [len 10]: [0.10000000000000001, 0.20000000000000001, 0.14999999999999999, 0.059999999999999998, 0.089999999999999997, 0.080000000000000002, 0.10000000000000001, 0.12, 0.13, 0.14999999999999999] 
	ID_B 6 [len 10]: [0.14999999999999999, 0.35999999999999999, 0.13, 0.22, 0.45000000000000001, 0.080000000000000002, 0.10000000000000001, 0.12, 0.13, 0.14999999999999999]


Models 11/13 
	ID_A 11 [len 10]: [0.050000000000000003, 0.14000000000000001, 0.029999999999999999, 0.080000000000000002, 0.040000000000000001, 0.080000000000000002, 0.10000000000000001, 0.12, 0.13, 0.14999999999999999] 
	ID_B 13 [len 10]: [0.070000000000000007, 0.050000000000000003, 0.059999999999999998, 0.040000000000000001, 0.11, 0.080000000000000002, 0.10000000000000001, 0.12, 0.13, 0.14999999999999999]


Models 6/9 
	ID_A 6 [len 10]: [0.10000000000000001, 0.040000000000000001, 0.059999999999999998, 0.059999999999999998, 0.040000000000000001, 0.080000000000000002, 0.10000000000000001, 0.12, 0.13, 0.14999999999999999] 
	ID_B 9 [len 10]: [0.10000000000000001, 0.20000000000000001, 0.14999999999999999, 0.059999999999999998, 0.089999999999999997, 0.080000000000000002, 0.10000000000000001, 0.12, 0.13, 0.14999999999999999]


Models 1/4 
	ID_A 1 [len 10]: [0.31, 0.77000000000000002, 0.31, 0.12, 0.25, 0.080000000000000002, 0.10000000000000001, 0.12, 0.13, 0.14999999999999999] 
	ID_B 4 [len 10]: [0.77000000000000002, 0.40999999999999998, 0.34999999999999998, 1.0700000000000001, 2.0699999999999998, 0.080000000000000002, 0.10000000000000001, 0.12, 0.13, 0.14999999999999999]


Models 15/17 
	ID_A 15 [len 10]: [0.040000000000000001, 0.029999999999999999, 0.059999999999999998, 0.029999999999999999, 0.029999999999999999, 0.080000000000000002, 0.10000000000000001, 0.12, 0.13, 0.14999999999999999] 
	ID_B 17 [len 10]: [0.040000000000000001, 0.070000000000000007, 0.059999999999999998, 0.040000000000000001, 0.029999999999999999, 0.080000000000000002, 0.10000000000000001, 0.12, 0.13, 0.14999999999999999]


Models 13/15 
	ID_A 13 [len 10]: [0.040000000000000001, 0.070000000000000007, 0.059999999999999998, 0.040000000000000001, 0.029999999999999999, 0.080000000000000002, 0.10000000000000001, 0.12, 0.13, 0.14999999999999999] 
	ID_B 15 [len 10]: [0.050000000000000003, 0.14000000000000001, 0.029999999999999999, 0.080000000000000002, 0.040000000000000001, 0.080000000000000002, 0.10000000000000001, 0.12, 0.13, 0.14999999999999999]


Models 13.0/17.0 
	ID_A 13.0 [len 10]: [0.040000000000000001, 0.029999999999999999, 0.059999999999999998, 0.029999999999999999, 0.029999999999999999, 0.080000000000000002, 0.10000000000000001, 0.12, 0.13, 0.14999999999999999] 
	ID_B 17.0 [len 10]: [0.050000000000000003, 0.14000000000000001, 0.029999999999999999, 0.080000000000000002, 0.040000000000000001, 0.080000000000000002, 0.10000000000000001, 0.12, 0.13, 0.14999999999999999]


Models 9.0/5.0 
	ID_A 9.0 [len 10]: [0.14999999999999999, 0.35999999999999999, 0.13, 0.22, 0.45000000000000001, 0.080000000000000002, 0.10000000000000001, 0.12, 0.13, 0.14999999999999999] 
	ID_B 5.0 [len 10]: [0.10000000000000001, 0.040000000000000001, 0.059999999999999998, 0.059999999999999998, 0.040000000000000001, 0.080000000000000002, 0.10000000000000001, 0.12, 0.13, 0.14999999999999999]


Models 9.0/13.0 
	ID_A 9.0 [len 10]: [0.050000000000000003, 0.14000000000000001, 0.029999999999999999, 0.080000000000000002, 0.040000000000000001, 0.080000000000000002, 0.10000000000000001, 0.12, 0.13, 0.14999999999999999] 
	ID_B 13.0 [len 10]: [0.10000000000000001, 0.040000000000000001, 0.059999999999999998, 0.059999999999999998, 0.040000000000000001, 0.080000000000000002, 0.10000000000000001, 0.12, 0.13, 0.14999999999999999]


Models 9.0/17.0 
	ID_A 9.0 [len 10]: [0.040000000000000001, 0.029999999999999999, 0.059999999999999998, 0.029999999999999999, 0.029999999999999999, 0.080000000000000002, 0.10000000000000001, 0.12, 0.13, 0.14999999999999999] 
	ID_B 17.0 [len 10]: [0.10000000000000001, 0.040000000000000001, 0.059999999999999998, 0.059999999999999998, 0.040000000000000001, 0.080000000000000002, 0.10000000000000001, 0.12, 0.13, 0.14999999999999999]


Models 9.0/4.0 
	ID_A 9.0 [len 10]: [0.31, 0.77000000000000002, 0.31, 0.12, 0.25, 0.080000000000000002, 0.10000000000000001, 0.12, 0.13, 0.14999999999999999] 
	ID_B 4.0 [len 10]: [0.10000000000000001, 0.040000000000000001, 0.059999999999999998, 0.059999999999999998, 0.040000000000000001, 0.080000000000000002, 0.10000000000000001, 0.12, 0.13, 0.14999999999999999]


Models 9.0/15.0 
	ID_A 9.0 [len 10]: [0.040000000000000001, 0.070000000000000007, 0.059999999999999998, 0.040000000000000001, 0.029999999999999999, 0.080000000000000002, 0.10000000000000001, 0.12, 0.13, 0.14999999999999999] 
	ID_B 15.0 [len 10]: [0.10000000000000001, 0.040000000000000001, 0.059999999999999998, 0.059999999999999998, 0.040000000000000001, 0.080000000000000002, 0.10000000000000001, 0.12, 0.13, 0.14999999999999999]


Models 13.0/4.0 
	ID_A 13.0 [len 10]: [0.31, 0.77000000000000002, 0.31, 0.12, 0.25, 0.080000000000000002, 0.10000000000000001, 0.12, 0.13, 0.14999999999999999] 
	ID_B 4.0 [len 10]: [0.050000000000000003, 0.14000000000000001, 0.029999999999999999, 0.080000000000000002, 0.040000000000000001, 0.080000000000000002, 0.10000000000000001, 0.12, 0.13, 0.14999999999999999]


Models 13.0/5.0 
	ID_A 13.0 [len 10]: [0.14999999999999999, 0.35999999999999999, 0.13, 0.22, 0.45000000000000001, 0.080000000000000002, 0.10000000000000001, 0.12, 0.13, 0.14999999999999999] 
	ID_B 5.0 [len 10]: [0.050000000000000003, 0.14000000000000001, 0.029999999999999999, 0.080000000000000002, 0.040000000000000001, 0.080000000000000002, 0.10000000000000001, 0.12, 0.13, 0.14999999999999999]


Models 17.0/4.0 
	ID_A 17.0 [len 10]: [0.31, 0.77000000000000002, 0.31, 0.12, 0.25, 0.080000000000000002, 0.10000000000000001, 0.12, 0.13, 0.14999999999999999] 
	ID_B 4.0 [len 10]: [0.040000000000000001, 0.029999999999999999, 0.059999999999999998, 0.029999999999999999, 0.029999999999999999, 0.080000000000000002, 0.10000000000000001, 0.12, 0.13, 0.14999999999999999]


Models 13.0/6.0 
	ID_A 13.0 [len 10]: [0.10000000000000001, 0.20000000000000001, 0.14999999999999999, 0.059999999999999998, 0.089999999999999997, 0.080000000000000002, 0.10000000000000001, 0.12, 0.13, 0.14999999999999999] 
	ID_B 6.0 [len 10]: [0.050000000000000003, 0.14000000000000001, 0.029999999999999999, 0.080000000000000002, 0.040000000000000001, 0.080000000000000002, 0.10000000000000001, 0.12, 0.13, 0.14999999999999999]


Models 17.0/11.0 
	ID_A 17.0 [len 10]: [0.070000000000000007, 0.050000000000000003, 0.059999999999999998, 0.040000000000000001, 0.11, 0.080000000000000002, 0.10000000000000001, 0.12, 0.13, 0.14999999999999999] 
	ID_B 11.0 [len 10]: [0.040000000000000001, 0.029999999999999999, 0.059999999999999998, 0.029999999999999999, 0.029999999999999999, 0.080000000000000002, 0.10000000000000001, 0.12, 0.13, 0.14999999999999999]


Models 17.0/5.0 
	ID_A 17.0 [len 10]: [0.14999999999999999, 0.35999999999999999, 0.13, 0.22, 0.45000000000000001, 0.080000000000000002, 0.10000000000000001, 0.12, 0.13, 0.14999999999999999] 
	ID_B 5.0 [len 10]: [0.040000000000000001, 0.029999999999999999, 0.059999999999999998, 0.029999999999999999, 0.029999999999999999, 0.080000000000000002, 0.10000000000000001, 0.12, 0.13, 0.14999999999999999]


Models 17.0/6.0 
	ID_A 17.0 [len 10]: [0.10000000000000001, 0.20000000000000001, 0.14999999999999999, 0.059999999999999998, 0.089999999999999997, 0.080000000000000002, 0.10000000000000001, 0.12, 0.13, 0.14999999999999999] 
	ID_B 6.0 [len 10]: [0.040000000000000001, 0.029999999999999999, 0.059999999999999998, 0.029999999999999999, 0.029999999999999999, 0.080000000000000002, 0.10000000000000001, 0.12, 0.13, 0.14999999999999999]


Models 11.0/4.0 
	ID_A 11.0 [len 10]: [0.31, 0.77000000000000002, 0.31, 0.12, 0.25, 0.080000000000000002, 0.10000000000000001, 0.12, 0.13, 0.14999999999999999] 
	ID_B 4.0 [len 10]: [0.070000000000000007, 0.050000000000000003, 0.059999999999999998, 0.040000000000000001, 0.11, 0.080000000000000002, 0.10000000000000001, 0.12, 0.13, 0.14999999999999999]


Models 11.0/5.0 
	ID_A 11.0 [len 10]: [0.14999999999999999, 0.35999999999999999, 0.13, 0.22, 0.45000000000000001, 0.080000000000000002, 0.10000000000000001, 0.12, 0.13, 0.14999999999999999] 
	ID_B 5.0 [len 10]: [0.070000000000000007, 0.050000000000000003, 0.059999999999999998, 0.040000000000000001, 0.11, 0.080000000000000002, 0.10000000000000001, 0.12, 0.13, 0.14999999999999999]


Models 11.0/15.0 
	ID_A 11.0 [len 10]: [0.040000000000000001, 0.070000000000000007, 0.059999999999999998, 0.040000000000000001, 0.029999999999999999, 0.080000000000000002, 0.10000000000000001, 0.12, 0.13, 0.14999999999999999] 
	ID_B 15.0 [len 10]: [0.070000000000000007, 0.050000000000000003, 0.059999999999999998, 0.040000000000000001, 0.11, 0.080000000000000002, 0.10000000000000001, 0.12, 0.13, 0.14999999999999999]


Models 11.0/6.0 
	ID_A 11.0 [len 10]: [0.10000000000000001, 0.20000000000000001, 0.14999999999999999, 0.059999999999999998, 0.089999999999999997, 0.080000000000000002, 0.10000000000000001, 0.12, 0.13, 0.14999999999999999] 
	ID_B 6.0 [len 10]: [0.070000000000000007, 0.050000000000000003, 0.059999999999999998, 0.040000000000000001, 0.11, 0.080000000000000002, 0.10000000000000001, 0.12, 0.13, 0.14999999999999999]


Models 4.0/15.0 
	ID_A 4.0 [len 10]: [0.040000000000000001, 0.070000000000000007, 0.059999999999999998, 0.040000000000000001, 0.029999999999999999, 0.080000000000000002, 0.10000000000000001, 0.12, 0.13, 0.14999999999999999] 
	ID_B 15.0 [len 10]: [0.31, 0.77000000000000002, 0.31, 0.12, 0.25, 0.080000000000000002, 0.10000000000000001, 0.12, 0.13, 0.14999999999999999]


Models 4.0/6.0 
	ID_A 4.0 [len 10]: [0.10000000000000001, 0.20000000000000001, 0.14999999999999999, 0.059999999999999998, 0.089999999999999997, 0.080000000000000002, 0.10000000000000001, 0.12, 0.13, 0.14999999999999999] 
	ID_B 6.0 [len 10]: [0.31, 0.77000000000000002, 0.31, 0.12, 0.25, 0.080000000000000002, 0.10000000000000001, 0.12, 0.13, 0.14999999999999999]


Models 15.0/6.0 
	ID_A 15.0 [len 10]: [0.10000000000000001, 0.20000000000000001, 0.14999999999999999, 0.059999999999999998, 0.089999999999999997, 0.080000000000000002, 0.10000000000000001, 0.12, 0.13, 0.14999999999999999] 
	ID_B 6.0 [len 10]: [0.040000000000000001, 0.070000000000000007, 0.059999999999999998, 0.040000000000000001, 0.029999999999999999, 0.080000000000000002, 0.10000000000000001, 0.12, 0.13, 0.14999999999999999]


Models 15.0/5.0 
	ID_A 15.0 [len 10]: [0.14999999999999999, 0.35999999999999999, 0.13, 0.22, 0.45000000000000001, 0.080000000000000002, 0.10000000000000001, 0.12, 0.13, 0.14999999999999999] 
	ID_B 5.0 [len 10]: [0.040000000000000001, 0.070000000000000007, 0.059999999999999998, 0.040000000000000001, 0.029999999999999999, 0.080000000000000002, 0.10000000000000001, 0.12, 0.13, 0.14999999999999999]
