

Models 1/2 
	ID_A 1 [len 10]: [0.12, 1.72, 13.869999999999999, 0.16, 0.41999999999999998, 0.080000000000000002, 0.10000000000000001, 0.12, 0.13, 0.14999999999999999] 
	ID_B 2 [len 10]: [0.10000000000000001, 3.1499999999999999, 1.29, 0.31, 1.1899999999999999, 0.080000000000000002, 0.10000000000000001, 0.12, 0.13, 0.14999999999999999]


Models 0/1 
	ID_A 0 [len 10]: [0.10000000000000001, 3.1499999999999999, 1.29, 0.31, 1.1899999999999999, 0.080000000000000002, 0.10000000000000001, 0.12, 0.13, 0.14999999999999999] 
	ID_B 1 [len 10]: [5.8200000000000003, 0.41999999999999998, 0.60999999999999999, 7.6500000000000004, 0.87, 0.080000000000000002, 0.10000000000000001, 0.12, 0.13, 0.14999999999999999]


Models 0/2 
	ID_A 0 [len 10]: [0.12, 1.72, 13.869999999999999, 0.16, 0.41999999999999998, 0.080000000000000002, 0.10000000000000001, 0.12, 0.13, 0.14999999999999999] 
	ID_B 2 [len 10]: [5.8200000000000003, 0.41999999999999998, 0.60999999999999999, 7.6500000000000004, 0.87, 0.080000000000000002, 0.10000000000000001, 0.12, 0.13, 0.14999999999999999]


Models 3.0/4.0 
	ID_A 3.0 [len 10]: [0.070000000000000007, 0.41999999999999998, 0.63, 0.13, 0.19, 0.080000000000000002, 0.10000000000000001, 0.12, 0.13, 0.14999999999999999] 
	ID_B 4.0 [len 10]: [0.34999999999999998, 0.22, 0.28000000000000003, 0.089999999999999997, 0.23000000000000001, 0.080000000000000002, 0.10000000000000001, 0.12, 0.13, 0.14999999999999999]


Models 7.0/8.0 
	ID_A 7.0 [len 10]: [0.059999999999999998, 0.11, 0.070000000000000007, 0.080000000000000002, 0.16, 0.080000000000000002, 0.10000000000000001, 0.12, 0.13, 0.14999999999999999] 
	ID_B 8.0 [len 10]: [0.11, 0.10000000000000001, 0.10000000000000001, 0.059999999999999998, 0.080000000000000002, 0.080000000000000002, 0.10000000000000001, 0.12, 0.13, 0.14999999999999999]


Models 6.0/8.0 
	ID_A 6.0 [len 10]: [0.059999999999999998, 0.11, 0.070000000000000007, 0.080000000000000002, 0.16, 0.080000000000000002, 0.10000000000000001, 0.12, 0.13, 0.14999999999999999] 
	ID_B 8.0 [len 10]: [0.12, 0.059999999999999998, 0.14999999999999999, 0.070000000000000007, 0.17999999999999999, 0.080000000000000002, 0.10000000000000001, 0.12, 0.13, 0.14999999999999999]


Models 6.0/7.0 
	ID_A 6.0 [len 10]: [0.11, 0.10000000000000001, 0.10000000000000001, 0.059999999999999998, 0.080000000000000002, 0.080000000000000002, 0.10000000000000001, 0.12, 0.13, 0.14999999999999999] 
	ID_B 7.0 [len 10]: [0.12, 0.059999999999999998, 0.14999999999999999, 0.070000000000000007, 0.17999999999999999, 0.080000000000000002, 0.10000000000000001, 0.12, 0.13, 0.14999999999999999]


Models 9.0/10.0 
	ID_A 9.0 [len 10]: [0.050000000000000003, 0.13, 0.059999999999999998, 0.10000000000000001, 0.11, 0.080000000000000002, 0.10000000000000001, 0.12, 0.13, 0.14999999999999999] 
	ID_B 10.0 [len 10]: [0.080000000000000002, 0.080000000000000002, 0.12, 0.059999999999999998, 0.10000000000000001, 0.080000000000000002, 0.10000000000000001, 0.12, 0.13, 0.14999999999999999]


Models 13.0/14.0 
	ID_A 13.0 [len 10]: [0.029999999999999999, 0.059999999999999998, 0.059999999999999998, 0.040000000000000001, 0.080000000000000002, 0.080000000000000002, 0.10000000000000001, 0.12, 0.13, 0.14999999999999999] 
	ID_B 14.0 [len 10]: [0.10000000000000001, 0.040000000000000001, 0.040000000000000001, 0.050000000000000003, 0.11, 0.080000000000000002, 0.10000000000000001, 0.12, 0.13, 0.14999999999999999]


Models 12.0/14.0 
	ID_A 12.0 [len 10]: [0.029999999999999999, 0.059999999999999998, 0.059999999999999998, 0.040000000000000001, 0.080000000000000002, 0.080000000000000002, 0.10000000000000001, 0.12, 0.13, 0.14999999999999999] 
	ID_B 14.0 [len 10]: [0.14999999999999999, 0.040000000000000001, 0.029999999999999999, 0.070000000000000007, 0.080000000000000002, 0.080000000000000002, 0.10000000000000001, 0.12, 0.13, 0.14999999999999999]


Models 12.0/13.0 
	ID_A 12.0 [len 10]: [0.10000000000000001, 0.040000000000000001, 0.040000000000000001, 0.050000000000000003, 0.11, 0.080000000000000002, 0.10000000000000001, 0.12, 0.13, 0.14999999999999999] 
	ID_B 13.0 [len 10]: [0.14999999999999999, 0.040000000000000001, 0.029999999999999999, 0.070000000000000007, 0.080000000000000002, 0.080000000000000002, 0.10000000000000001, 0.12, 0.13, 0.14999999999999999]


Models 15.0/16.0 
	ID_A 15.0 [len 10]: [0.050000000000000003, 0.050000000000000003, 0.050000000000000003, 0.040000000000000001, 0.050000000000000003, 0.080000000000000002, 0.10000000000000001, 0.12, 0.13, 0.14999999999999999] 
	ID_B 16.0 [len 10]: [0.050000000000000003, 0.050000000000000003, 0.050000000000000003, 0.059999999999999998, 0.050000000000000003, 0.080000000000000002, 0.10000000000000001, 0.12, 0.13, 0.14999999999999999]


Models 3/5 
	ID_A 3 [len 10]: [0.14999999999999999, 0.080000000000000002, 0.10000000000000001, 0.080000000000000002, 0.34999999999999998, 0.080000000000000002, 0.10000000000000001, 0.12, 0.13, 0.14999999999999999] 
	ID_B 5 [len 10]: [0.34999999999999998, 0.22, 0.28000000000000003, 0.089999999999999997, 0.23000000000000001, 0.080000000000000002, 0.10000000000000001, 0.12, 0.13, 0.14999999999999999]


Models 1/3 
	ID_A 1 [len 10]: [0.34999999999999998, 0.22, 0.28000000000000003, 0.089999999999999997, 0.23000000000000001, 0.080000000000000002, 0.10000000000000001, 0.12, 0.13, 0.14999999999999999] 
	ID_B 3 [len 10]: [0.10000000000000001, 3.1499999999999999, 1.29, 0.31, 1.1899999999999999, 0.080000000000000002, 0.10000000000000001, 0.12, 0.13, 0.14999999999999999]


Models 5/6 
	ID_A 5 [len 10]: [0.12, 0.059999999999999998, 0.14999999999999999, 0.070000000000000007, 0.17999999999999999, 0.080000000000000002, 0.10000000000000001, 0.12, 0.13, 0.14999999999999999] 
	ID_B 6 [len 10]: [0.14999999999999999, 0.080000000000000002, 0.10000000000000001, 0.080000000000000002, 0.34999999999999998, 0.080000000000000002, 0.10000000000000001, 0.12, 0.13, 0.14999999999999999]


Models 11/12 
	ID_A 11 [len 10]: [0.14999999999999999, 0.040000000000000001, 0.029999999999999999, 0.070000000000000007, 0.080000000000000002, 0.080000000000000002, 0.10000000000000001, 0.12, 0.13, 0.14999999999999999] 
	ID_B 12 [len 10]: [0.059999999999999998, 0.029999999999999999, 0.050000000000000003, 0.050000000000000003, 0.040000000000000001, 0.080000000000000002, 0.10000000000000001, 0.12, 0.13, 0.14999999999999999]


Models 10/11 
	ID_A 10 [len 10]: [0.059999999999999998, 0.029999999999999999, 0.050000000000000003, 0.050000000000000003, 0.040000000000000001, 0.080000000000000002, 0.10000000000000001, 0.12, 0.13, 0.14999999999999999] 
	ID_B 11 [len 10]: [0.050000000000000003, 0.13, 0.059999999999999998, 0.10000000000000001, 0.11, 0.080000000000000002, 0.10000000000000001, 0.12, 0.13, 0.14999999999999999]


Models 6/10 
	ID_A 6 [len 10]: [0.050000000000000003, 0.13, 0.059999999999999998, 0.10000000000000001, 0.11, 0.080000000000000002, 0.10000000000000001, 0.12, 0.13, 0.14999999999999999] 
	ID_B 10 [len 10]: [0.12, 0.059999999999999998, 0.14999999999999999, 0.070000000000000007, 0.17999999999999999, 0.080000000000000002, 0.10000000000000001, 0.12, 0.13, 0.14999999999999999]


Models 12/16 
	ID_A 12 [len 10]: [0.050000000000000003, 0.050000000000000003, 0.050000000000000003, 0.040000000000000001, 0.050000000000000003, 0.080000000000000002, 0.10000000000000001, 0.12, 0.13, 0.14999999999999999] 
	ID_B 16 [len 10]: [0.14999999999999999, 0.040000000000000001, 0.029999999999999999, 0.070000000000000007, 0.080000000000000002, 0.080000000000000002, 0.10000000000000001, 0.12, 0.13, 0.14999999999999999]


Models 16/17 
	ID_A 16 [len 10]: [0.040000000000000001, 0.050000000000000003, 0.050000000000000003, 0.040000000000000001, 0.029999999999999999, 0.080000000000000002, 0.10000000000000001, 0.12, 0.13, 0.14999999999999999] 
	ID_B 17 [len 10]: [0.050000000000000003, 0.050000000000000003, 0.050000000000000003, 0.040000000000000001, 0.050000000000000003, 0.080000000000000002, 0.10000000000000001, 0.12, 0.13, 0.14999999999999999]


Models 12.0/17.0 
	ID_A 12.0 [len 10]: [0.040000000000000001, 0.050000000000000003, 0.050000000000000003, 0.040000000000000001, 0.029999999999999999, 0.080000000000000002, 0.10000000000000001, 0.12, 0.13, 0.14999999999999999] 
	ID_B 17.0 [len 10]: [0.14999999999999999, 0.040000000000000001, 0.029999999999999999, 0.070000000000000007, 0.080000000000000002, 0.080000000000000002, 0.10000000000000001, 0.12, 0.13, 0.14999999999999999]


Models 12.0/10.0 
	ID_A 12.0 [len 10]: [0.050000000000000003, 0.13, 0.059999999999999998, 0.10000000000000001, 0.11, 0.080000000000000002, 0.10000000000000001, 0.12, 0.13, 0.14999999999999999] 
	ID_B 10.0 [len 10]: [0.14999999999999999, 0.040000000000000001, 0.029999999999999999, 0.070000000000000007, 0.080000000000000002, 0.080000000000000002, 0.10000000000000001, 0.12, 0.13, 0.14999999999999999]


Models 12.0/5.0 
	ID_A 12.0 [len 10]: [0.14999999999999999, 0.080000000000000002, 0.10000000000000001, 0.080000000000000002, 0.34999999999999998, 0.080000000000000002, 0.10000000000000001, 0.12, 0.13, 0.14999999999999999] 
	ID_B 5.0 [len 10]: [0.14999999999999999, 0.040000000000000001, 0.029999999999999999, 0.070000000000000007, 0.080000000000000002, 0.080000000000000002, 0.10000000000000001, 0.12, 0.13, 0.14999999999999999]


Models 12.0/6.0 
	ID_A 12.0 [len 10]: [0.12, 0.059999999999999998, 0.14999999999999999, 0.070000000000000007, 0.17999999999999999, 0.080000000000000002, 0.10000000000000001, 0.12, 0.13, 0.14999999999999999] 
	ID_B 6.0 [len 10]: [0.14999999999999999, 0.040000000000000001, 0.029999999999999999, 0.070000000000000007, 0.080000000000000002, 0.080000000000000002, 0.10000000000000001, 0.12, 0.13, 0.14999999999999999]


Models 12.0/3.0 
	ID_A 12.0 [len 10]: [0.34999999999999998, 0.22, 0.28000000000000003, 0.089999999999999997, 0.23000000000000001, 0.080000000000000002, 0.10000000000000001, 0.12, 0.13, 0.14999999999999999] 
	ID_B 3.0 [len 10]: [0.14999999999999999, 0.040000000000000001, 0.029999999999999999, 0.070000000000000007, 0.080000000000000002, 0.080000000000000002, 0.10000000000000001, 0.12, 0.13, 0.14999999999999999]


Models 12.0/1.0 
	ID_A 12.0 [len 10]: [0.10000000000000001, 3.1499999999999999, 1.29, 0.31, 1.1899999999999999, 0.080000000000000002, 0.10000000000000001, 0.12, 0.13, 0.14999999999999999] 
	ID_B 1.0 [len 10]: [0.14999999999999999, 0.040000000000000001, 0.029999999999999999, 0.070000000000000007, 0.080000000000000002, 0.080000000000000002, 0.10000000000000001, 0.12, 0.13, 0.14999999999999999]


Models 5.0/10.0 
	ID_A 5.0 [len 10]: [0.050000000000000003, 0.13, 0.059999999999999998, 0.10000000000000001, 0.11, 0.080000000000000002, 0.10000000000000001, 0.12, 0.13, 0.14999999999999999] 
	ID_B 10.0 [len 10]: [0.14999999999999999, 0.080000000000000002, 0.10000000000000001, 0.080000000000000002, 0.34999999999999998, 0.080000000000000002, 0.10000000000000001, 0.12, 0.13, 0.14999999999999999]


Models 5.0/17.0 
	ID_A 5.0 [len 10]: [0.040000000000000001, 0.050000000000000003, 0.050000000000000003, 0.040000000000000001, 0.029999999999999999, 0.080000000000000002, 0.10000000000000001, 0.12, 0.13, 0.14999999999999999] 
	ID_B 17.0 [len 10]: [0.14999999999999999, 0.080000000000000002, 0.10000000000000001, 0.080000000000000002, 0.34999999999999998, 0.080000000000000002, 0.10000000000000001, 0.12, 0.13, 0.14999999999999999]


Models 5.0/16.0 
	ID_A 5.0 [len 10]: [0.050000000000000003, 0.050000000000000003, 0.050000000000000003, 0.040000000000000001, 0.050000000000000003, 0.080000000000000002, 0.10000000000000001, 0.12, 0.13, 0.14999999999999999] 
	ID_B 16.0 [len 10]: [0.14999999999999999, 0.080000000000000002, 0.10000000000000001, 0.080000000000000002, 0.34999999999999998, 0.080000000000000002, 0.10000000000000001, 0.12, 0.13, 0.14999999999999999]


Models 5.0/11.0 
	ID_A 5.0 [len 10]: [0.059999999999999998, 0.029999999999999999, 0.050000000000000003, 0.050000000000000003, 0.040000000000000001, 0.080000000000000002, 0.10000000000000001, 0.12, 0.13, 0.14999999999999999] 
	ID_B 11.0 [len 10]: [0.14999999999999999, 0.080000000000000002, 0.10000000000000001, 0.080000000000000002, 0.34999999999999998, 0.080000000000000002, 0.10000000000000001, 0.12, 0.13, 0.14999999999999999]


Models 11.0/6.0 
	ID_A 11.0 [len 10]: [0.12, 0.059999999999999998, 0.14999999999999999, 0.070000000000000007, 0.17999999999999999, 0.080000000000000002, 0.10000000000000001, 0.12, 0.13, 0.14999999999999999] 
	ID_B 6.0 [len 10]: [0.059999999999999998, 0.029999999999999999, 0.050000000000000003, 0.050000000000000003, 0.040000000000000001, 0.080000000000000002, 0.10000000000000001, 0.12, 0.13, 0.14999999999999999]


Models 5.0/1.0 
	ID_A 5.0 [len 10]: [0.10000000000000001, 3.1499999999999999, 1.29, 0.31, 1.1899999999999999, 0.080000000000000002, 0.10000000000000001, 0.12, 0.13, 0.14999999999999999] 
	ID_B 1.0 [len 10]: [0.14999999999999999, 0.080000000000000002, 0.10000000000000001, 0.080000000000000002, 0.34999999999999998, 0.080000000000000002, 0.10000000000000001, 0.12, 0.13, 0.14999999999999999]


Models 11.0/16.0 
	ID_A 11.0 [len 10]: [0.050000000000000003, 0.050000000000000003, 0.050000000000000003, 0.040000000000000001, 0.050000000000000003, 0.080000000000000002, 0.10000000000000001, 0.12, 0.13, 0.14999999999999999] 
	ID_B 16.0 [len 10]: [0.059999999999999998, 0.029999999999999999, 0.050000000000000003, 0.050000000000000003, 0.040000000000000001, 0.080000000000000002, 0.10000000000000001, 0.12, 0.13, 0.14999999999999999]


Models 11.0/17.0 
	ID_A 11.0 [len 10]: [0.040000000000000001, 0.050000000000000003, 0.050000000000000003, 0.040000000000000001, 0.029999999999999999, 0.080000000000000002, 0.10000000000000001, 0.12, 0.13, 0.14999999999999999] 
	ID_B 17.0 [len 10]: [0.059999999999999998, 0.029999999999999999, 0.050000000000000003, 0.050000000000000003, 0.040000000000000001, 0.080000000000000002, 0.10000000000000001, 0.12, 0.13, 0.14999999999999999]


Models 11.0/1.0 
	ID_A 11.0 [len 10]: [0.10000000000000001, 3.1499999999999999, 1.29, 0.31, 1.1899999999999999, 0.080000000000000002, 0.10000000000000001, 0.12, 0.13, 0.14999999999999999] 
	ID_B 1.0 [len 10]: [0.059999999999999998, 0.029999999999999999, 0.050000000000000003, 0.050000000000000003, 0.040000000000000001, 0.080000000000000002, 0.10000000000000001, 0.12, 0.13, 0.14999999999999999]


Models 11.0/3.0 
	ID_A 11.0 [len 10]: [0.34999999999999998, 0.22, 0.28000000000000003, 0.089999999999999997, 0.23000000000000001, 0.080000000000000002, 0.10000000000000001, 0.12, 0.13, 0.14999999999999999] 
	ID_B 3.0 [len 10]: [0.059999999999999998, 0.029999999999999999, 0.050000000000000003, 0.050000000000000003, 0.040000000000000001, 0.080000000000000002, 0.10000000000000001, 0.12, 0.13, 0.14999999999999999]


Models 6.0/17.0 
	ID_A 6.0 [len 10]: [0.040000000000000001, 0.050000000000000003, 0.050000000000000003, 0.040000000000000001, 0.029999999999999999, 0.080000000000000002, 0.10000000000000001, 0.12, 0.13, 0.14999999999999999] 
	ID_B 17.0 [len 10]: [0.12, 0.059999999999999998, 0.14999999999999999, 0.070000000000000007, 0.17999999999999999, 0.080000000000000002, 0.10000000000000001, 0.12, 0.13, 0.14999999999999999]


Models 6.0/16.0 
	ID_A 6.0 [len 10]: [0.050000000000000003, 0.050000000000000003, 0.050000000000000003, 0.040000000000000001, 0.050000000000000003, 0.080000000000000002, 0.10000000000000001, 0.12, 0.13, 0.14999999999999999] 
	ID_B 16.0 [len 10]: [0.12, 0.059999999999999998, 0.14999999999999999, 0.070000000000000007, 0.17999999999999999, 0.080000000000000002, 0.10000000000000001, 0.12, 0.13, 0.14999999999999999]


Models 6.0/1.0 
	ID_A 6.0 [len 10]: [0.10000000000000001, 3.1499999999999999, 1.29, 0.31, 1.1899999999999999, 0.080000000000000002, 0.10000000000000001, 0.12, 0.13, 0.14999999999999999] 
	ID_B 1.0 [len 10]: [0.12, 0.059999999999999998, 0.14999999999999999, 0.070000000000000007, 0.17999999999999999, 0.080000000000000002, 0.10000000000000001, 0.12, 0.13, 0.14999999999999999]


Models 16.0/10.0 
	ID_A 16.0 [len 10]: [0.050000000000000003, 0.13, 0.059999999999999998, 0.10000000000000001, 0.11, 0.080000000000000002, 0.10000000000000001, 0.12, 0.13, 0.14999999999999999] 
	ID_B 10.0 [len 10]: [0.050000000000000003, 0.050000000000000003, 0.050000000000000003, 0.040000000000000001, 0.050000000000000003, 0.080000000000000002, 0.10000000000000001, 0.12, 0.13, 0.14999999999999999]


Models 6.0/3.0 
	ID_A 6.0 [len 10]: [0.34999999999999998, 0.22, 0.28000000000000003, 0.089999999999999997, 0.23000000000000001, 0.080000000000000002, 0.10000000000000001, 0.12, 0.13, 0.14999999999999999] 
	ID_B 3.0 [len 10]: [0.12, 0.059999999999999998, 0.14999999999999999, 0.070000000000000007, 0.17999999999999999, 0.080000000000000002, 0.10000000000000001, 0.12, 0.13, 0.14999999999999999]


Models 16.0/1.0 
	ID_A 16.0 [len 10]: [0.10000000000000001, 3.1499999999999999, 1.29, 0.31, 1.1899999999999999, 0.080000000000000002, 0.10000000000000001, 0.12, 0.13, 0.14999999999999999] 
	ID_B 1.0 [len 10]: [0.050000000000000003, 0.050000000000000003, 0.050000000000000003, 0.040000000000000001, 0.050000000000000003, 0.080000000000000002, 0.10000000000000001, 0.12, 0.13, 0.14999999999999999]


Models 16.0/3.0 
	ID_A 16.0 [len 10]: [0.34999999999999998, 0.22, 0.28000000000000003, 0.089999999999999997, 0.23000000000000001, 0.080000000000000002, 0.10000000000000001, 0.12, 0.13, 0.14999999999999999] 
	ID_B 3.0 [len 10]: [0.050000000000000003, 0.050000000000000003, 0.050000000000000003, 0.040000000000000001, 0.050000000000000003, 0.080000000000000002, 0.10000000000000001, 0.12, 0.13, 0.14999999999999999]


Models 10.0/17.0 
	ID_A 10.0 [len 10]: [0.040000000000000001, 0.050000000000000003, 0.050000000000000003, 0.040000000000000001, 0.029999999999999999, 0.080000000000000002, 0.10000000000000001, 0.12, 0.13, 0.14999999999999999] 
	ID_B 17.0 [len 10]: [0.050000000000000003, 0.13, 0.059999999999999998, 0.10000000000000001, 0.11, 0.080000000000000002, 0.10000000000000001, 0.12, 0.13, 0.14999999999999999]


Models 10.0/1.0 
	ID_A 10.0 [len 10]: [0.10000000000000001, 3.1499999999999999, 1.29, 0.31, 1.1899999999999999, 0.080000000000000002, 0.10000000000000001, 0.12, 0.13, 0.14999999999999999] 
	ID_B 1.0 [len 10]: [0.050000000000000003, 0.13, 0.059999999999999998, 0.10000000000000001, 0.11, 0.080000000000000002, 0.10000000000000001, 0.12, 0.13, 0.14999999999999999]


Models 10.0/3.0 
	ID_A 10.0 [len 10]: [0.34999999999999998, 0.22, 0.28000000000000003, 0.089999999999999997, 0.23000000000000001, 0.080000000000000002, 0.10000000000000001, 0.12, 0.13, 0.14999999999999999] 
	ID_B 3.0 [len 10]: [0.050000000000000003, 0.13, 0.059999999999999998, 0.10000000000000001, 0.11, 0.080000000000000002, 0.10000000000000001, 0.12, 0.13, 0.14999999999999999]


Models 17.0/1.0 
	ID_A 17.0 [len 10]: [0.10000000000000001, 3.1499999999999999, 1.29, 0.31, 1.1899999999999999, 0.080000000000000002, 0.10000000000000001, 0.12, 0.13, 0.14999999999999999] 
	ID_B 1.0 [len 10]: [0.040000000000000001, 0.050000000000000003, 0.050000000000000003, 0.040000000000000001, 0.029999999999999999, 0.080000000000000002, 0.10000000000000001, 0.12, 0.13, 0.14999999999999999]


Models 17.0/3.0 
	ID_A 17.0 [len 10]: [0.34999999999999998, 0.22, 0.28000000000000003, 0.089999999999999997, 0.23000000000000001, 0.080000000000000002, 0.10000000000000001, 0.12, 0.13, 0.14999999999999999] 
	ID_B 3.0 [len 10]: [0.040000000000000001, 0.050000000000000003, 0.050000000000000003, 0.040000000000000001, 0.029999999999999999, 0.080000000000000002, 0.10000000000000001, 0.12, 0.13, 0.14999999999999999]


Models 5.0/1.0 
	ID_A 5.0 [len 10]: [0.10000000000000001, 3.1499999999999999, 1.29, 0.31, 1.1899999999999999, 0.080000000000000002, 0.10000000000000001, 0.12, 0.13, 0.14999999999999999] 
	ID_B 1.0 [len 10]: [0.14999999999999999, 0.080000000000000002, 0.10000000000000001, 0.080000000000000002, 0.34999999999999998, 0.080000000000000002, 0.10000000000000001, 0.12, 0.13, 0.14999999999999999]
