

Models 1/2 
	ID_A 1 [len 10]: [0.97999999999999998, 0.44, 0.16, 0.11, 0.14999999999999999, 0.080000000000000002, 0.10000000000000001, 0.12, 0.13, 0.14999999999999999] 
	ID_B 2 [len 10]: [8.6400000000000006, 0.89000000000000001, 0.19, 0.52000000000000002, 289.63, 0.080000000000000002, 0.10000000000000001, 0.12, 0.13, 0.14999999999999999]


Models 0/2 
	ID_A 0 [len 10]: [0.97999999999999998, 0.44, 0.16, 0.11, 0.14999999999999999, 0.080000000000000002, 0.10000000000000001, 0.12, 0.13, 0.14999999999999999] 
	ID_B 2 [len 10]: [0.23999999999999999, 1.7, 0.45000000000000001, 0.44, 1.1399999999999999, 0.080000000000000002, 0.10000000000000001, 0.12, 0.13, 0.14999999999999999]


Models 0/1 
	ID_A 0 [len 10]: [8.6400000000000006, 0.89000000000000001, 0.19, 0.52000000000000002, 289.63, 0.080000000000000002, 0.10000000000000001, 0.12, 0.13, 0.14999999999999999] 
	ID_B 1 [len 10]: [0.23999999999999999, 1.7, 0.45000000000000001, 0.44, 1.1399999999999999, 0.080000000000000002, 0.10000000000000001, 0.12, 0.13, 0.14999999999999999]


Models 3.0/4.0 
	ID_A 3.0 [len 10]: [1.8600000000000001, 0.19, 0.14999999999999999, 0.62, 0.11, 0.080000000000000002, 0.10000000000000001, 0.12, 0.13, 0.14999999999999999] 
	ID_B 4.0 [len 10]: [0.17999999999999999, 0.11, 0.11, 0.13, 0.12, 0.080000000000000002, 0.10000000000000001, 0.12, 0.13, 0.14999999999999999]


Models 6.0/7.0 
	ID_A 6.0 [len 10]: [0.070000000000000007, 0.14000000000000001, 0.12, 0.14000000000000001, 0.11, 0.080000000000000002, 0.10000000000000001, 0.12, 0.13, 0.14999999999999999] 
	ID_B 7.0 [len 10]: [0.12, 0.12, 0.089999999999999997, 0.20000000000000001, 0.089999999999999997, 0.080000000000000002, 0.10000000000000001, 0.12, 0.13, 0.14999999999999999]


Models 7.0/8.0 
	ID_A 7.0 [len 10]: [0.19, 0.11, 0.16, 0.14000000000000001, 0.089999999999999997, 0.080000000000000002, 0.10000000000000001, 0.12, 0.13, 0.14999999999999999] 
	ID_B 8.0 [len 10]: [0.070000000000000007, 0.14000000000000001, 0.12, 0.14000000000000001, 0.11, 0.080000000000000002, 0.10000000000000001, 0.12, 0.13, 0.14999999999999999]


Models 6.0/8.0 
	ID_A 6.0 [len 10]: [0.19, 0.11, 0.16, 0.14000000000000001, 0.089999999999999997, 0.080000000000000002, 0.10000000000000001, 0.12, 0.13, 0.14999999999999999] 
	ID_B 8.0 [len 10]: [0.12, 0.12, 0.089999999999999997, 0.20000000000000001, 0.089999999999999997, 0.080000000000000002, 0.10000000000000001, 0.12, 0.13, 0.14999999999999999]


Models 9.0/10.0 
	ID_A 9.0 [len 10]: [0.070000000000000007, 0.13, 0.059999999999999998, 0.14999999999999999, 0.059999999999999998, 0.080000000000000002, 0.10000000000000001, 0.12, 0.13, 0.14999999999999999] 
	ID_B 10.0 [len 10]: [0.059999999999999998, 0.059999999999999998, 0.080000000000000002, 0.089999999999999997, 0.059999999999999998, 0.080000000000000002, 0.10000000000000001, 0.12, 0.13, 0.14999999999999999]


Models 13.0/14.0 
	ID_A 13.0 [len 10]: [0.040000000000000001, 0.050000000000000003, 0.070000000000000007, 0.050000000000000003, 0.059999999999999998, 0.080000000000000002, 0.10000000000000001, 0.12, 0.13, 0.14999999999999999] 
	ID_B 14.0 [len 10]: [0.050000000000000003, 0.050000000000000003, 0.050000000000000003, 0.050000000000000003, 0.050000000000000003, 0.080000000000000002, 0.10000000000000001, 0.12, 0.13, 0.14999999999999999]


Models 12.0/13.0 
	ID_A 12.0 [len 10]: [0.050000000000000003, 0.050000000000000003, 0.050000000000000003, 0.050000000000000003, 0.050000000000000003, 0.080000000000000002, 0.10000000000000001, 0.12, 0.13, 0.14999999999999999] 
	ID_B 13.0 [len 10]: [0.089999999999999997, 0.050000000000000003, 0.050000000000000003, 0.070000000000000007, 0.040000000000000001, 0.080000000000000002, 0.10000000000000001, 0.12, 0.13, 0.14999999999999999]


Models 12.0/14.0 
	ID_A 12.0 [len 10]: [0.040000000000000001, 0.050000000000000003, 0.070000000000000007, 0.050000000000000003, 0.059999999999999998, 0.080000000000000002, 0.10000000000000001, 0.12, 0.13, 0.14999999999999999] 
	ID_B 14.0 [len 10]: [0.089999999999999997, 0.050000000000000003, 0.050000000000000003, 0.070000000000000007, 0.040000000000000001, 0.080000000000000002, 0.10000000000000001, 0.12, 0.13, 0.14999999999999999]


Models 15.0/16.0 
	ID_A 15.0 [len 10]: [0.059999999999999998, 0.040000000000000001, 0.070000000000000007, 0.040000000000000001, 0.029999999999999999, 0.080000000000000002, 0.10000000000000001, 0.12, 0.13, 0.14999999999999999] 
	ID_B 16.0 [len 10]: [0.040000000000000001, 0.029999999999999999, 0.050000000000000003, 0.070000000000000007, 0.22, 0.080000000000000002, 0.10000000000000001, 0.12, 0.13, 0.14999999999999999]


Models 8/9 
	ID_A 8 [len 10]: [0.059999999999999998, 0.059999999999999998, 0.080000000000000002, 0.089999999999999997, 0.059999999999999998, 0.080000000000000002, 0.10000000000000001, 0.12, 0.13, 0.14999999999999999] 
	ID_B 9 [len 10]: [0.19, 0.11, 0.16, 0.14000000000000001, 0.089999999999999997, 0.080000000000000002, 0.10000000000000001, 0.12, 0.13, 0.14999999999999999]


Models 5/8 
	ID_A 5 [len 10]: [0.19, 0.11, 0.16, 0.14000000000000001, 0.089999999999999997, 0.080000000000000002, 0.10000000000000001, 0.12, 0.13, 0.14999999999999999] 
	ID_B 8 [len 10]: [0.080000000000000002, 0.050000000000000003, 0.10000000000000001, 1.3, 0.22, 0.080000000000000002, 0.10000000000000001, 0.12, 0.13, 0.14999999999999999]


Models 2/4 
	ID_A 2 [len 10]: [1.8600000000000001, 0.19, 0.14999999999999999, 0.62, 0.11, 0.080000000000000002, 0.10000000000000001, 0.12, 0.13, 0.14999999999999999] 
	ID_B 4 [len 10]: [0.97999999999999998, 0.44, 0.16, 0.11, 0.14999999999999999, 0.080000000000000002, 0.10000000000000001, 0.12, 0.13, 0.14999999999999999]


Models 11/13 
	ID_A 11 [len 10]: [0.050000000000000003, 0.050000000000000003, 0.050000000000000003, 0.050000000000000003, 0.050000000000000003, 0.080000000000000002, 0.10000000000000001, 0.12, 0.13, 0.14999999999999999] 
	ID_B 13 [len 10]: [0.089999999999999997, 0.050000000000000003, 0.040000000000000001, 0.050000000000000003, 0.10000000000000001, 0.080000000000000002, 0.10000000000000001, 0.12, 0.13, 0.14999999999999999]


Models 9/11 
	ID_A 9 [len 10]: [0.089999999999999997, 0.050000000000000003, 0.040000000000000001, 0.050000000000000003, 0.10000000000000001, 0.080000000000000002, 0.10000000000000001, 0.12, 0.13, 0.14999999999999999] 
	ID_B 11 [len 10]: [0.059999999999999998, 0.059999999999999998, 0.080000000000000002, 0.089999999999999997, 0.059999999999999998, 0.080000000000000002, 0.10000000000000001, 0.12, 0.13, 0.14999999999999999]


Models 4/5 
	ID_A 4 [len 10]: [0.080000000000000002, 0.050000000000000003, 0.10000000000000001, 1.3, 0.22, 0.080000000000000002, 0.10000000000000001, 0.12, 0.13, 0.14999999999999999] 
	ID_B 5 [len 10]: [1.8600000000000001, 0.19, 0.14999999999999999, 0.62, 0.11, 0.080000000000000002, 0.10000000000000001, 0.12, 0.13, 0.14999999999999999]


Models 13/16 
	ID_A 13 [len 10]: [0.059999999999999998, 0.040000000000000001, 0.070000000000000007, 0.040000000000000001, 0.029999999999999999, 0.080000000000000002, 0.10000000000000001, 0.12, 0.13, 0.14999999999999999] 
	ID_B 16 [len 10]: [0.050000000000000003, 0.050000000000000003, 0.050000000000000003, 0.050000000000000003, 0.050000000000000003, 0.080000000000000002, 0.10000000000000001, 0.12, 0.13, 0.14999999999999999]


Models 16/17 
	ID_A 16 [len 10]: [0.050000000000000003, 0.059999999999999998, 0.029999999999999999, 0.029999999999999999, 0.040000000000000001, 0.080000000000000002, 0.10000000000000001, 0.12, 0.13, 0.14999999999999999] 
	ID_B 17 [len 10]: [0.059999999999999998, 0.040000000000000001, 0.070000000000000007, 0.040000000000000001, 0.029999999999999999, 0.080000000000000002, 0.10000000000000001, 0.12, 0.13, 0.14999999999999999]


Models 2.0/17.0 
	ID_A 2.0 [len 10]: [0.050000000000000003, 0.059999999999999998, 0.029999999999999999, 0.029999999999999999, 0.040000000000000001, 0.080000000000000002, 0.10000000000000001, 0.12, 0.13, 0.14999999999999999] 
	ID_B 17.0 [len 10]: [0.97999999999999998, 0.44, 0.16, 0.11, 0.14999999999999999, 0.080000000000000002, 0.10000000000000001, 0.12, 0.13, 0.14999999999999999]


Models 2.0/5.0 
	ID_A 2.0 [len 10]: [0.080000000000000002, 0.050000000000000003, 0.10000000000000001, 1.3, 0.22, 0.080000000000000002, 0.10000000000000001, 0.12, 0.13, 0.14999999999999999] 
	ID_B 5.0 [len 10]: [0.97999999999999998, 0.44, 0.16, 0.11, 0.14999999999999999, 0.080000000000000002, 0.10000000000000001, 0.12, 0.13, 0.14999999999999999]


Models 2.0/11.0 
	ID_A 2.0 [len 10]: [0.089999999999999997, 0.050000000000000003, 0.040000000000000001, 0.050000000000000003, 0.10000000000000001, 0.080000000000000002, 0.10000000000000001, 0.12, 0.13, 0.14999999999999999] 
	ID_B 11.0 [len 10]: [0.97999999999999998, 0.44, 0.16, 0.11, 0.14999999999999999, 0.080000000000000002, 0.10000000000000001, 0.12, 0.13, 0.14999999999999999]


Models 2.0/16.0 
	ID_A 2.0 [len 10]: [0.059999999999999998, 0.040000000000000001, 0.070000000000000007, 0.040000000000000001, 0.029999999999999999, 0.080000000000000002, 0.10000000000000001, 0.12, 0.13, 0.14999999999999999] 
	ID_B 16.0 [len 10]: [0.97999999999999998, 0.44, 0.16, 0.11, 0.14999999999999999, 0.080000000000000002, 0.10000000000000001, 0.12, 0.13, 0.14999999999999999]


Models 2.0/13.0 
	ID_A 2.0 [len 10]: [0.050000000000000003, 0.050000000000000003, 0.050000000000000003, 0.050000000000000003, 0.050000000000000003, 0.080000000000000002, 0.10000000000000001, 0.12, 0.13, 0.14999999999999999] 
	ID_B 13.0 [len 10]: [0.97999999999999998, 0.44, 0.16, 0.11, 0.14999999999999999, 0.080000000000000002, 0.10000000000000001, 0.12, 0.13, 0.14999999999999999]


Models 2.0/8.0 
	ID_A 2.0 [len 10]: [0.19, 0.11, 0.16, 0.14000000000000001, 0.089999999999999997, 0.080000000000000002, 0.10000000000000001, 0.12, 0.13, 0.14999999999999999] 
	ID_B 8.0 [len 10]: [0.97999999999999998, 0.44, 0.16, 0.11, 0.14999999999999999, 0.080000000000000002, 0.10000000000000001, 0.12, 0.13, 0.14999999999999999]


Models 11.0/5.0 
	ID_A 11.0 [len 10]: [0.080000000000000002, 0.050000000000000003, 0.10000000000000001, 1.3, 0.22, 0.080000000000000002, 0.10000000000000001, 0.12, 0.13, 0.14999999999999999] 
	ID_B 5.0 [len 10]: [0.089999999999999997, 0.050000000000000003, 0.040000000000000001, 0.050000000000000003, 0.10000000000000001, 0.080000000000000002, 0.10000000000000001, 0.12, 0.13, 0.14999999999999999]


Models 11.0/4.0 
	ID_A 11.0 [len 10]: [1.8600000000000001, 0.19, 0.14999999999999999, 0.62, 0.11, 0.080000000000000002, 0.10000000000000001, 0.12, 0.13, 0.14999999999999999] 
	ID_B 4.0 [len 10]: [0.089999999999999997, 0.050000000000000003, 0.040000000000000001, 0.050000000000000003, 0.10000000000000001, 0.080000000000000002, 0.10000000000000001, 0.12, 0.13, 0.14999999999999999]


Models 11.0/8.0 
	ID_A 11.0 [len 10]: [0.19, 0.11, 0.16, 0.14000000000000001, 0.089999999999999997, 0.080000000000000002, 0.10000000000000001, 0.12, 0.13, 0.14999999999999999] 
	ID_B 8.0 [len 10]: [0.089999999999999997, 0.050000000000000003, 0.040000000000000001, 0.050000000000000003, 0.10000000000000001, 0.080000000000000002, 0.10000000000000001, 0.12, 0.13, 0.14999999999999999]


Models 2.0/9.0 
	ID_A 2.0 [len 10]: [0.059999999999999998, 0.059999999999999998, 0.080000000000000002, 0.089999999999999997, 0.059999999999999998, 0.080000000000000002, 0.10000000000000001, 0.12, 0.13, 0.14999999999999999] 
	ID_B 9.0 [len 10]: [0.97999999999999998, 0.44, 0.16, 0.11, 0.14999999999999999, 0.080000000000000002, 0.10000000000000001, 0.12, 0.13, 0.14999999999999999]


Models 11.0/16.0 
	ID_A 11.0 [len 10]: [0.059999999999999998, 0.040000000000000001, 0.070000000000000007, 0.040000000000000001, 0.029999999999999999, 0.080000000000000002, 0.10000000000000001, 0.12, 0.13, 0.14999999999999999] 
	ID_B 16.0 [len 10]: [0.089999999999999997, 0.050000000000000003, 0.040000000000000001, 0.050000000000000003, 0.10000000000000001, 0.080000000000000002, 0.10000000000000001, 0.12, 0.13, 0.14999999999999999]


Models 11.0/17.0 
	ID_A 11.0 [len 10]: [0.050000000000000003, 0.059999999999999998, 0.029999999999999999, 0.029999999999999999, 0.040000000000000001, 0.080000000000000002, 0.10000000000000001, 0.12, 0.13, 0.14999999999999999] 
	ID_B 17.0 [len 10]: [0.089999999999999997, 0.050000000000000003, 0.040000000000000001, 0.050000000000000003, 0.10000000000000001, 0.080000000000000002, 0.10000000000000001, 0.12, 0.13, 0.14999999999999999]


Models 5.0/17.0 
	ID_A 5.0 [len 10]: [0.050000000000000003, 0.059999999999999998, 0.029999999999999999, 0.029999999999999999, 0.040000000000000001, 0.080000000000000002, 0.10000000000000001, 0.12, 0.13, 0.14999999999999999] 
	ID_B 17.0 [len 10]: [0.080000000000000002, 0.050000000000000003, 0.10000000000000001, 1.3, 0.22, 0.080000000000000002, 0.10000000000000001, 0.12, 0.13, 0.14999999999999999]


Models 5.0/16.0 
	ID_A 5.0 [len 10]: [0.059999999999999998, 0.040000000000000001, 0.070000000000000007, 0.040000000000000001, 0.029999999999999999, 0.080000000000000002, 0.10000000000000001, 0.12, 0.13, 0.14999999999999999] 
	ID_B 16.0 [len 10]: [0.080000000000000002, 0.050000000000000003, 0.10000000000000001, 1.3, 0.22, 0.080000000000000002, 0.10000000000000001, 0.12, 0.13, 0.14999999999999999]


Models 5.0/13.0 
	ID_A 5.0 [len 10]: [0.050000000000000003, 0.050000000000000003, 0.050000000000000003, 0.050000000000000003, 0.050000000000000003, 0.080000000000000002, 0.10000000000000001, 0.12, 0.13, 0.14999999999999999] 
	ID_B 13.0 [len 10]: [0.080000000000000002, 0.050000000000000003, 0.10000000000000001, 1.3, 0.22, 0.080000000000000002, 0.10000000000000001, 0.12, 0.13, 0.14999999999999999]


Models 5.0/9.0 
	ID_A 5.0 [len 10]: [0.059999999999999998, 0.059999999999999998, 0.080000000000000002, 0.089999999999999997, 0.059999999999999998, 0.080000000000000002, 0.10000000000000001, 0.12, 0.13, 0.14999999999999999] 
	ID_B 9.0 [len 10]: [0.080000000000000002, 0.050000000000000003, 0.10000000000000001, 1.3, 0.22, 0.080000000000000002, 0.10000000000000001, 0.12, 0.13, 0.14999999999999999]


Models 16.0/8.0 
	ID_A 16.0 [len 10]: [0.19, 0.11, 0.16, 0.14000000000000001, 0.089999999999999997, 0.080000000000000002, 0.10000000000000001, 0.12, 0.13, 0.14999999999999999] 
	ID_B 8.0 [len 10]: [0.059999999999999998, 0.040000000000000001, 0.070000000000000007, 0.040000000000000001, 0.029999999999999999, 0.080000000000000002, 0.10000000000000001, 0.12, 0.13, 0.14999999999999999]


Models 16.0/4.0 
	ID_A 16.0 [len 10]: [1.8600000000000001, 0.19, 0.14999999999999999, 0.62, 0.11, 0.080000000000000002, 0.10000000000000001, 0.12, 0.13, 0.14999999999999999] 
	ID_B 4.0 [len 10]: [0.059999999999999998, 0.040000000000000001, 0.070000000000000007, 0.040000000000000001, 0.029999999999999999, 0.080000000000000002, 0.10000000000000001, 0.12, 0.13, 0.14999999999999999]


Models 16.0/9.0 
	ID_A 16.0 [len 10]: [0.059999999999999998, 0.059999999999999998, 0.080000000000000002, 0.089999999999999997, 0.059999999999999998, 0.080000000000000002, 0.10000000000000001, 0.12, 0.13, 0.14999999999999999] 
	ID_B 9.0 [len 10]: [0.059999999999999998, 0.040000000000000001, 0.070000000000000007, 0.040000000000000001, 0.029999999999999999, 0.080000000000000002, 0.10000000000000001, 0.12, 0.13, 0.14999999999999999]


Models 13.0/4.0 
	ID_A 13.0 [len 10]: [1.8600000000000001, 0.19, 0.14999999999999999, 0.62, 0.11, 0.080000000000000002, 0.10000000000000001, 0.12, 0.13, 0.14999999999999999] 
	ID_B 4.0 [len 10]: [0.050000000000000003, 0.050000000000000003, 0.050000000000000003, 0.050000000000000003, 0.050000000000000003, 0.080000000000000002, 0.10000000000000001, 0.12, 0.13, 0.14999999999999999]


Models 8.0/13.0 
	ID_A 8.0 [len 10]: [0.050000000000000003, 0.050000000000000003, 0.050000000000000003, 0.050000000000000003, 0.050000000000000003, 0.080000000000000002, 0.10000000000000001, 0.12, 0.13, 0.14999999999999999] 
	ID_B 13.0 [len 10]: [0.19, 0.11, 0.16, 0.14000000000000001, 0.089999999999999997, 0.080000000000000002, 0.10000000000000001, 0.12, 0.13, 0.14999999999999999]


Models 8.0/4.0 
	ID_A 8.0 [len 10]: [1.8600000000000001, 0.19, 0.14999999999999999, 0.62, 0.11, 0.080000000000000002, 0.10000000000000001, 0.12, 0.13, 0.14999999999999999] 
	ID_B 4.0 [len 10]: [0.19, 0.11, 0.16, 0.14000000000000001, 0.089999999999999997, 0.080000000000000002, 0.10000000000000001, 0.12, 0.13, 0.14999999999999999]


Models 8.0/17.0 
	ID_A 8.0 [len 10]: [0.050000000000000003, 0.059999999999999998, 0.029999999999999999, 0.029999999999999999, 0.040000000000000001, 0.080000000000000002, 0.10000000000000001, 0.12, 0.13, 0.14999999999999999] 
	ID_B 17.0 [len 10]: [0.19, 0.11, 0.16, 0.14000000000000001, 0.089999999999999997, 0.080000000000000002, 0.10000000000000001, 0.12, 0.13, 0.14999999999999999]


Models 13.0/17.0 
	ID_A 13.0 [len 10]: [0.050000000000000003, 0.059999999999999998, 0.029999999999999999, 0.029999999999999999, 0.040000000000000001, 0.080000000000000002, 0.10000000000000001, 0.12, 0.13, 0.14999999999999999] 
	ID_B 17.0 [len 10]: [0.050000000000000003, 0.050000000000000003, 0.050000000000000003, 0.050000000000000003, 0.050000000000000003, 0.080000000000000002, 0.10000000000000001, 0.12, 0.13, 0.14999999999999999]


Models 13.0/9.0 
	ID_A 13.0 [len 10]: [0.059999999999999998, 0.059999999999999998, 0.080000000000000002, 0.089999999999999997, 0.059999999999999998, 0.080000000000000002, 0.10000000000000001, 0.12, 0.13, 0.14999999999999999] 
	ID_B 9.0 [len 10]: [0.050000000000000003, 0.050000000000000003, 0.050000000000000003, 0.050000000000000003, 0.050000000000000003, 0.080000000000000002, 0.10000000000000001, 0.12, 0.13, 0.14999999999999999]


Models 4.0/9.0 
	ID_A 4.0 [len 10]: [0.059999999999999998, 0.059999999999999998, 0.080000000000000002, 0.089999999999999997, 0.059999999999999998, 0.080000000000000002, 0.10000000000000001, 0.12, 0.13, 0.14999999999999999] 
	ID_B 9.0 [len 10]: [1.8600000000000001, 0.19, 0.14999999999999999, 0.62, 0.11, 0.080000000000000002, 0.10000000000000001, 0.12, 0.13, 0.14999999999999999]


Models 17.0/9.0 
	ID_A 17.0 [len 10]: [0.059999999999999998, 0.059999999999999998, 0.080000000000000002, 0.089999999999999997, 0.059999999999999998, 0.080000000000000002, 0.10000000000000001, 0.12, 0.13, 0.14999999999999999] 
	ID_B 9.0 [len 10]: [0.050000000000000003, 0.059999999999999998, 0.029999999999999999, 0.029999999999999999, 0.040000000000000001, 0.080000000000000002, 0.10000000000000001, 0.12, 0.13, 0.14999999999999999]


Models 4.0/17.0 
	ID_A 4.0 [len 10]: [0.050000000000000003, 0.059999999999999998, 0.029999999999999999, 0.029999999999999999, 0.040000000000000001, 0.080000000000000002, 0.10000000000000001, 0.12, 0.13, 0.14999999999999999] 
	ID_B 17.0 [len 10]: [1.8600000000000001, 0.19, 0.14999999999999999, 0.62, 0.11, 0.080000000000000002, 0.10000000000000001, 0.12, 0.13, 0.14999999999999999]
