

Models 0/2 
	ID_A 0 [len 10]: [0.52000000000000002, 0.53000000000000003, 0.56999999999999995, 3.9700000000000002, 0.81999999999999995, 0.080000000000000002, 0.10000000000000001, 0.12, 0.13, 0.14999999999999999] 
	ID_B 2 [len 10]: [0.14999999999999999, 0.20000000000000001, 0.22, 2.29, 1.3899999999999999, 0.080000000000000002, 0.10000000000000001, 0.12, 0.13, 0.14999999999999999]


Models 1/2 
	ID_A 1 [len 10]: [0.52000000000000002, 0.53000000000000003, 0.56999999999999995, 3.9700000000000002, 0.81999999999999995, 0.080000000000000002, 0.10000000000000001, 0.12, 0.13, 0.14999999999999999] 
	ID_B 2 [len 10]: [0.14999999999999999, 0.31, 0.25, 0.42999999999999999, 7.7400000000000002, 0.080000000000000002, 0.10000000000000001, 0.12, 0.13, 0.14999999999999999]


Models 0/1 
	ID_A 0 [len 10]: [0.14999999999999999, 0.31, 0.25, 0.42999999999999999, 7.7400000000000002, 0.080000000000000002, 0.10000000000000001, 0.12, 0.13, 0.14999999999999999] 
	ID_B 1 [len 10]: [0.14999999999999999, 0.20000000000000001, 0.22, 2.29, 1.3899999999999999, 0.080000000000000002, 0.10000000000000001, 0.12, 0.13, 0.14999999999999999]


Models 3.0/4.0 
	ID_A 3.0 [len 10]: [0.17000000000000001, 0.089999999999999997, 0.47999999999999998, 0.12, 0.29999999999999999, 0.080000000000000002, 0.10000000000000001, 0.12, 0.13, 0.14999999999999999] 
	ID_B 4.0 [len 10]: [0.92000000000000004, 0.59999999999999998, 0.16, 0.68999999999999995, 0.14999999999999999, 0.080000000000000002, 0.10000000000000001, 0.12, 0.13, 0.14999999999999999]


Models 6.0/8.0 
	ID_A 6.0 [len 10]: [0.10000000000000001, 0.12, 0.089999999999999997, 0.14999999999999999, 0.13, 0.080000000000000002, 0.10000000000000001, 0.12, 0.13, 0.14999999999999999] 
	ID_B 8.0 [len 10]: [0.13, 0.10000000000000001, 0.10000000000000001, 0.13, 0.059999999999999998, 0.080000000000000002, 0.10000000000000001, 0.12, 0.13, 0.14999999999999999]


Models 6.0/7.0 
	ID_A 6.0 [len 10]: [0.28999999999999998, 0.080000000000000002, 0.080000000000000002, 0.14999999999999999, 0.10000000000000001, 0.080000000000000002, 0.10000000000000001, 0.12, 0.13, 0.14999999999999999] 
	ID_B 7.0 [len 10]: [0.13, 0.10000000000000001, 0.10000000000000001, 0.13, 0.059999999999999998, 0.080000000000000002, 0.10000000000000001, 0.12, 0.13, 0.14999999999999999]


Models 7.0/8.0 
	ID_A 7.0 [len 10]: [0.10000000000000001, 0.12, 0.089999999999999997, 0.14999999999999999, 0.13, 0.080000000000000002, 0.10000000000000001, 0.12, 0.13, 0.14999999999999999] 
	ID_B 8.0 [len 10]: [0.28999999999999998, 0.080000000000000002, 0.080000000000000002, 0.14999999999999999, 0.10000000000000001, 0.080000000000000002, 0.10000000000000001, 0.12, 0.13, 0.14999999999999999]


Models 9.0/10.0 
	ID_A 9.0 [len 10]: [0.050000000000000003, 0.080000000000000002, 0.20999999999999999, 0.050000000000000003, 0.070000000000000007, 0.080000000000000002, 0.10000000000000001, 0.12, 0.13, 0.14999999999999999] 
	ID_B 10.0 [len 10]: [0.050000000000000003, 0.070000000000000007, 0.050000000000000003, 0.070000000000000007, 0.11, 0.080000000000000002, 0.10000000000000001, 0.12, 0.13, 0.14999999999999999]


Models 12.0/13.0 
	ID_A 12.0 [len 10]: [0.059999999999999998, 0.050000000000000003, 0.040000000000000001, 0.050000000000000003, 0.059999999999999998, 0.080000000000000002, 0.10000000000000001, 0.12, 0.13, 0.14999999999999999] 
	ID_B 13.0 [len 10]: [0.070000000000000007, 0.050000000000000003, 0.040000000000000001, 0.070000000000000007, 0.059999999999999998, 0.080000000000000002, 0.10000000000000001, 0.12, 0.13, 0.14999999999999999]


Models 13.0/14.0 
	ID_A 13.0 [len 10]: [0.050000000000000003, 0.029999999999999999, 0.070000000000000007, 0.040000000000000001, 0.050000000000000003, 0.080000000000000002, 0.10000000000000001, 0.12, 0.13, 0.14999999999999999] 
	ID_B 14.0 [len 10]: [0.059999999999999998, 0.050000000000000003, 0.040000000000000001, 0.050000000000000003, 0.059999999999999998, 0.080000000000000002, 0.10000000000000001, 0.12, 0.13, 0.14999999999999999]


Models 12.0/14.0 
	ID_A 12.0 [len 10]: [0.050000000000000003, 0.029999999999999999, 0.070000000000000007, 0.040000000000000001, 0.050000000000000003, 0.080000000000000002, 0.10000000000000001, 0.12, 0.13, 0.14999999999999999] 
	ID_B 14.0 [len 10]: [0.070000000000000007, 0.050000000000000003, 0.040000000000000001, 0.070000000000000007, 0.059999999999999998, 0.080000000000000002, 0.10000000000000001, 0.12, 0.13, 0.14999999999999999]


Models 15.0/16.0 
	ID_A 15.0 [len 10]: [0.040000000000000001, 0.040000000000000001, 0.040000000000000001, 0.040000000000000001, 0.050000000000000003, 0.080000000000000002, 0.10000000000000001, 0.12, 0.13, 0.14999999999999999] 
	ID_B 16.0 [len 10]: [0.040000000000000001, 0.040000000000000001, 0.050000000000000003, 0.050000000000000003, 0.029999999999999999, 0.080000000000000002, 0.10000000000000001, 0.12, 0.13, 0.14999999999999999]


Models 4/5 
	ID_A 4 [len 10]: [0.17000000000000001, 0.080000000000000002, 0.11, 0.25, 0.20999999999999999, 0.080000000000000002, 0.10000000000000001, 0.12, 0.13, 0.14999999999999999] 
	ID_B 5 [len 10]: [0.17000000000000001, 0.089999999999999997, 0.47999999999999998, 0.12, 0.29999999999999999, 0.080000000000000002, 0.10000000000000001, 0.12, 0.13, 0.14999999999999999]


Models 5/8 
	ID_A 5 [len 10]: [0.10000000000000001, 0.12, 0.089999999999999997, 0.14999999999999999, 0.13, 0.080000000000000002, 0.10000000000000001, 0.12, 0.13, 0.14999999999999999] 
	ID_B 8 [len 10]: [0.17000000000000001, 0.080000000000000002, 0.11, 0.25, 0.20999999999999999, 0.080000000000000002, 0.10000000000000001, 0.12, 0.13, 0.14999999999999999]


Models 8/10 
	ID_A 8 [len 10]: [0.050000000000000003, 0.080000000000000002, 0.20999999999999999, 0.050000000000000003, 0.070000000000000007, 0.080000000000000002, 0.10000000000000001, 0.12, 0.13, 0.14999999999999999] 
	ID_B 10 [len 10]: [0.10000000000000001, 0.12, 0.089999999999999997, 0.14999999999999999, 0.13, 0.080000000000000002, 0.10000000000000001, 0.12, 0.13, 0.14999999999999999]


Models 2/4 
	ID_A 2 [len 10]: [0.17000000000000001, 0.089999999999999997, 0.47999999999999998, 0.12, 0.29999999999999999, 0.080000000000000002, 0.10000000000000001, 0.12, 0.13, 0.14999999999999999] 
	ID_B 4 [len 10]: [0.52000000000000002, 0.53000000000000003, 0.56999999999999995, 3.9700000000000002, 0.81999999999999995, 0.080000000000000002, 0.10000000000000001, 0.12, 0.13, 0.14999999999999999]


Models 11/13 
	ID_A 11 [len 10]: [0.059999999999999998, 0.050000000000000003, 0.040000000000000001, 0.050000000000000003, 0.059999999999999998, 0.080000000000000002, 0.10000000000000001, 0.12, 0.13, 0.14999999999999999] 
	ID_B 13 [len 10]: [0.050000000000000003, 0.050000000000000003, 0.050000000000000003, 0.070000000000000007, 0.059999999999999998, 0.080000000000000002, 0.10000000000000001, 0.12, 0.13, 0.14999999999999999]


Models 10/11 
	ID_A 10 [len 10]: [0.050000000000000003, 0.050000000000000003, 0.050000000000000003, 0.070000000000000007, 0.059999999999999998, 0.080000000000000002, 0.10000000000000001, 0.12, 0.13, 0.14999999999999999] 
	ID_B 11 [len 10]: [0.050000000000000003, 0.080000000000000002, 0.20999999999999999, 0.050000000000000003, 0.070000000000000007, 0.080000000000000002, 0.10000000000000001, 0.12, 0.13, 0.14999999999999999]


Models 16/17 
	ID_A 16 [len 10]: [0.040000000000000001, 0.040000000000000001, 0.050000000000000003, 0.040000000000000001, 0.070000000000000007, 0.080000000000000002, 0.10000000000000001, 0.12, 0.13, 0.14999999999999999] 
	ID_B 17 [len 10]: [0.040000000000000001, 0.040000000000000001, 0.040000000000000001, 0.040000000000000001, 0.050000000000000003, 0.080000000000000002, 0.10000000000000001, 0.12, 0.13, 0.14999999999999999]


Models 13/16 
	ID_A 13 [len 10]: [0.040000000000000001, 0.040000000000000001, 0.040000000000000001, 0.040000000000000001, 0.050000000000000003, 0.080000000000000002, 0.10000000000000001, 0.12, 0.13, 0.14999999999999999] 
	ID_B 16 [len 10]: [0.059999999999999998, 0.050000000000000003, 0.040000000000000001, 0.050000000000000003, 0.059999999999999998, 0.080000000000000002, 0.10000000000000001, 0.12, 0.13, 0.14999999999999999]


Models 13.0/17.0 
	ID_A 13.0 [len 10]: [0.040000000000000001, 0.040000000000000001, 0.050000000000000003, 0.040000000000000001, 0.070000000000000007, 0.080000000000000002, 0.10000000000000001, 0.12, 0.13, 0.14999999999999999] 
	ID_B 17.0 [len 10]: [0.059999999999999998, 0.050000000000000003, 0.040000000000000001, 0.050000000000000003, 0.059999999999999998, 0.080000000000000002, 0.10000000000000001, 0.12, 0.13, 0.14999999999999999]


Models 13.0/2.0 
	ID_A 13.0 [len 10]: [0.52000000000000002, 0.53000000000000003, 0.56999999999999995, 3.9700000000000002, 0.81999999999999995, 0.080000000000000002, 0.10000000000000001, 0.12, 0.13, 0.14999999999999999] 
	ID_B 2.0 [len 10]: [0.059999999999999998, 0.050000000000000003, 0.040000000000000001, 0.050000000000000003, 0.059999999999999998, 0.080000000000000002, 0.10000000000000001, 0.12, 0.13, 0.14999999999999999]


Models 13.0/8.0 
	ID_A 13.0 [len 10]: [0.10000000000000001, 0.12, 0.089999999999999997, 0.14999999999999999, 0.13, 0.080000000000000002, 0.10000000000000001, 0.12, 0.13, 0.14999999999999999] 
	ID_B 8.0 [len 10]: [0.059999999999999998, 0.050000000000000003, 0.040000000000000001, 0.050000000000000003, 0.059999999999999998, 0.080000000000000002, 0.10000000000000001, 0.12, 0.13, 0.14999999999999999]


Models 13.0/10.0 
	ID_A 13.0 [len 10]: [0.050000000000000003, 0.080000000000000002, 0.20999999999999999, 0.050000000000000003, 0.070000000000000007, 0.080000000000000002, 0.10000000000000001, 0.12, 0.13, 0.14999999999999999] 
	ID_B 10.0 [len 10]: [0.059999999999999998, 0.050000000000000003, 0.040000000000000001, 0.050000000000000003, 0.059999999999999998, 0.080000000000000002, 0.10000000000000001, 0.12, 0.13, 0.14999999999999999]


Models 13.0/4.0 
	ID_A 13.0 [len 10]: [0.17000000000000001, 0.089999999999999997, 0.47999999999999998, 0.12, 0.29999999999999999, 0.080000000000000002, 0.10000000000000001, 0.12, 0.13, 0.14999999999999999] 
	ID_B 4.0 [len 10]: [0.059999999999999998, 0.050000000000000003, 0.040000000000000001, 0.050000000000000003, 0.059999999999999998, 0.080000000000000002, 0.10000000000000001, 0.12, 0.13, 0.14999999999999999]


Models 13.0/5.0 
	ID_A 13.0 [len 10]: [0.17000000000000001, 0.080000000000000002, 0.11, 0.25, 0.20999999999999999, 0.080000000000000002, 0.10000000000000001, 0.12, 0.13, 0.14999999999999999] 
	ID_B 5.0 [len 10]: [0.059999999999999998, 0.050000000000000003, 0.040000000000000001, 0.050000000000000003, 0.059999999999999998, 0.080000000000000002, 0.10000000000000001, 0.12, 0.13, 0.14999999999999999]


Models 17.0/8.0 
	ID_A 17.0 [len 10]: [0.10000000000000001, 0.12, 0.089999999999999997, 0.14999999999999999, 0.13, 0.080000000000000002, 0.10000000000000001, 0.12, 0.13, 0.14999999999999999] 
	ID_B 8.0 [len 10]: [0.040000000000000001, 0.040000000000000001, 0.050000000000000003, 0.040000000000000001, 0.070000000000000007, 0.080000000000000002, 0.10000000000000001, 0.12, 0.13, 0.14999999999999999]


Models 17.0/4.0 
	ID_A 17.0 [len 10]: [0.17000000000000001, 0.089999999999999997, 0.47999999999999998, 0.12, 0.29999999999999999, 0.080000000000000002, 0.10000000000000001, 0.12, 0.13, 0.14999999999999999] 
	ID_B 4.0 [len 10]: [0.040000000000000001, 0.040000000000000001, 0.050000000000000003, 0.040000000000000001, 0.070000000000000007, 0.080000000000000002, 0.10000000000000001, 0.12, 0.13, 0.14999999999999999]


Models 17.0/2.0 
	ID_A 17.0 [len 10]: [0.52000000000000002, 0.53000000000000003, 0.56999999999999995, 3.9700000000000002, 0.81999999999999995, 0.080000000000000002, 0.10000000000000001, 0.12, 0.13, 0.14999999999999999] 
	ID_B 2.0 [len 10]: [0.040000000000000001, 0.040000000000000001, 0.050000000000000003, 0.040000000000000001, 0.070000000000000007, 0.080000000000000002, 0.10000000000000001, 0.12, 0.13, 0.14999999999999999]


Models 17.0/5.0 
	ID_A 17.0 [len 10]: [0.17000000000000001, 0.080000000000000002, 0.11, 0.25, 0.20999999999999999, 0.080000000000000002, 0.10000000000000001, 0.12, 0.13, 0.14999999999999999] 
	ID_B 5.0 [len 10]: [0.040000000000000001, 0.040000000000000001, 0.050000000000000003, 0.040000000000000001, 0.070000000000000007, 0.080000000000000002, 0.10000000000000001, 0.12, 0.13, 0.14999999999999999]


Models 17.0/10.0 
	ID_A 17.0 [len 10]: [0.050000000000000003, 0.080000000000000002, 0.20999999999999999, 0.050000000000000003, 0.070000000000000007, 0.080000000000000002, 0.10000000000000001, 0.12, 0.13, 0.14999999999999999] 
	ID_B 10.0 [len 10]: [0.040000000000000001, 0.040000000000000001, 0.050000000000000003, 0.040000000000000001, 0.070000000000000007, 0.080000000000000002, 0.10000000000000001, 0.12, 0.13, 0.14999999999999999]


Models 17.0/11.0 
	ID_A 17.0 [len 10]: [0.050000000000000003, 0.050000000000000003, 0.050000000000000003, 0.070000000000000007, 0.059999999999999998, 0.080000000000000002, 0.10000000000000001, 0.12, 0.13, 0.14999999999999999] 
	ID_B 11.0 [len 10]: [0.040000000000000001, 0.040000000000000001, 0.050000000000000003, 0.040000000000000001, 0.070000000000000007, 0.080000000000000002, 0.10000000000000001, 0.12, 0.13, 0.14999999999999999]


Models 8.0/4.0 
	ID_A 8.0 [len 10]: [0.17000000000000001, 0.089999999999999997, 0.47999999999999998, 0.12, 0.29999999999999999, 0.080000000000000002, 0.10000000000000001, 0.12, 0.13, 0.14999999999999999] 
	ID_B 4.0 [len 10]: [0.10000000000000001, 0.12, 0.089999999999999997, 0.14999999999999999, 0.13, 0.080000000000000002, 0.10000000000000001, 0.12, 0.13, 0.14999999999999999]


Models 8.0/16.0 
	ID_A 8.0 [len 10]: [0.040000000000000001, 0.040000000000000001, 0.040000000000000001, 0.040000000000000001, 0.050000000000000003, 0.080000000000000002, 0.10000000000000001, 0.12, 0.13, 0.14999999999999999] 
	ID_B 16.0 [len 10]: [0.10000000000000001, 0.12, 0.089999999999999997, 0.14999999999999999, 0.13, 0.080000000000000002, 0.10000000000000001, 0.12, 0.13, 0.14999999999999999]


Models 8.0/2.0 
	ID_A 8.0 [len 10]: [0.52000000000000002, 0.53000000000000003, 0.56999999999999995, 3.9700000000000002, 0.81999999999999995, 0.080000000000000002, 0.10000000000000001, 0.12, 0.13, 0.14999999999999999] 
	ID_B 2.0 [len 10]: [0.10000000000000001, 0.12, 0.089999999999999997, 0.14999999999999999, 0.13, 0.080000000000000002, 0.10000000000000001, 0.12, 0.13, 0.14999999999999999]


Models 4.0/10.0 
	ID_A 4.0 [len 10]: [0.050000000000000003, 0.080000000000000002, 0.20999999999999999, 0.050000000000000003, 0.070000000000000007, 0.080000000000000002, 0.10000000000000001, 0.12, 0.13, 0.14999999999999999] 
	ID_B 10.0 [len 10]: [0.17000000000000001, 0.089999999999999997, 0.47999999999999998, 0.12, 0.29999999999999999, 0.080000000000000002, 0.10000000000000001, 0.12, 0.13, 0.14999999999999999]


Models 8.0/11.0 
	ID_A 8.0 [len 10]: [0.050000000000000003, 0.050000000000000003, 0.050000000000000003, 0.070000000000000007, 0.059999999999999998, 0.080000000000000002, 0.10000000000000001, 0.12, 0.13, 0.14999999999999999] 
	ID_B 11.0 [len 10]: [0.10000000000000001, 0.12, 0.089999999999999997, 0.14999999999999999, 0.13, 0.080000000000000002, 0.10000000000000001, 0.12, 0.13, 0.14999999999999999]


Models 4.0/16.0 
	ID_A 4.0 [len 10]: [0.040000000000000001, 0.040000000000000001, 0.040000000000000001, 0.040000000000000001, 0.050000000000000003, 0.080000000000000002, 0.10000000000000001, 0.12, 0.13, 0.14999999999999999] 
	ID_B 16.0 [len 10]: [0.17000000000000001, 0.089999999999999997, 0.47999999999999998, 0.12, 0.29999999999999999, 0.080000000000000002, 0.10000000000000001, 0.12, 0.13, 0.14999999999999999]


Models 4.0/11.0 
	ID_A 4.0 [len 10]: [0.050000000000000003, 0.050000000000000003, 0.050000000000000003, 0.070000000000000007, 0.059999999999999998, 0.080000000000000002, 0.10000000000000001, 0.12, 0.13, 0.14999999999999999] 
	ID_B 11.0 [len 10]: [0.17000000000000001, 0.089999999999999997, 0.47999999999999998, 0.12, 0.29999999999999999, 0.080000000000000002, 0.10000000000000001, 0.12, 0.13, 0.14999999999999999]


Models 5.0/2.0 
	ID_A 5.0 [len 10]: [0.52000000000000002, 0.53000000000000003, 0.56999999999999995, 3.9700000000000002, 0.81999999999999995, 0.080000000000000002, 0.10000000000000001, 0.12, 0.13, 0.14999999999999999] 
	ID_B 2.0 [len 10]: [0.17000000000000001, 0.080000000000000002, 0.11, 0.25, 0.20999999999999999, 0.080000000000000002, 0.10000000000000001, 0.12, 0.13, 0.14999999999999999]


Models 5.0/16.0 
	ID_A 5.0 [len 10]: [0.040000000000000001, 0.040000000000000001, 0.040000000000000001, 0.040000000000000001, 0.050000000000000003, 0.080000000000000002, 0.10000000000000001, 0.12, 0.13, 0.14999999999999999] 
	ID_B 16.0 [len 10]: [0.17000000000000001, 0.080000000000000002, 0.11, 0.25, 0.20999999999999999, 0.080000000000000002, 0.10000000000000001, 0.12, 0.13, 0.14999999999999999]


Models 5.0/10.0 
	ID_A 5.0 [len 10]: [0.050000000000000003, 0.080000000000000002, 0.20999999999999999, 0.050000000000000003, 0.070000000000000007, 0.080000000000000002, 0.10000000000000001, 0.12, 0.13, 0.14999999999999999] 
	ID_B 10.0 [len 10]: [0.17000000000000001, 0.080000000000000002, 0.11, 0.25, 0.20999999999999999, 0.080000000000000002, 0.10000000000000001, 0.12, 0.13, 0.14999999999999999]


Models 5.0/11.0 
	ID_A 5.0 [len 10]: [0.050000000000000003, 0.050000000000000003, 0.050000000000000003, 0.070000000000000007, 0.059999999999999998, 0.080000000000000002, 0.10000000000000001, 0.12, 0.13, 0.14999999999999999] 
	ID_B 11.0 [len 10]: [0.17000000000000001, 0.080000000000000002, 0.11, 0.25, 0.20999999999999999, 0.080000000000000002, 0.10000000000000001, 0.12, 0.13, 0.14999999999999999]


Models 2.0/10.0 
	ID_A 2.0 [len 10]: [0.050000000000000003, 0.080000000000000002, 0.20999999999999999, 0.050000000000000003, 0.070000000000000007, 0.080000000000000002, 0.10000000000000001, 0.12, 0.13, 0.14999999999999999] 
	ID_B 10.0 [len 10]: [0.52000000000000002, 0.53000000000000003, 0.56999999999999995, 3.9700000000000002, 0.81999999999999995, 0.080000000000000002, 0.10000000000000001, 0.12, 0.13, 0.14999999999999999]


Models 2.0/16.0 
	ID_A 2.0 [len 10]: [0.040000000000000001, 0.040000000000000001, 0.040000000000000001, 0.040000000000000001, 0.050000000000000003, 0.080000000000000002, 0.10000000000000001, 0.12, 0.13, 0.14999999999999999] 
	ID_B 16.0 [len 10]: [0.52000000000000002, 0.53000000000000003, 0.56999999999999995, 3.9700000000000002, 0.81999999999999995, 0.080000000000000002, 0.10000000000000001, 0.12, 0.13, 0.14999999999999999]


Models 2.0/11.0 
	ID_A 2.0 [len 10]: [0.050000000000000003, 0.050000000000000003, 0.050000000000000003, 0.070000000000000007, 0.059999999999999998, 0.080000000000000002, 0.10000000000000001, 0.12, 0.13, 0.14999999999999999] 
	ID_B 11.0 [len 10]: [0.52000000000000002, 0.53000000000000003, 0.56999999999999995, 3.9700000000000002, 0.81999999999999995, 0.080000000000000002, 0.10000000000000001, 0.12, 0.13, 0.14999999999999999]


Models 10.0/16.0 
	ID_A 10.0 [len 10]: [0.040000000000000001, 0.040000000000000001, 0.040000000000000001, 0.040000000000000001, 0.050000000000000003, 0.080000000000000002, 0.10000000000000001, 0.12, 0.13, 0.14999999999999999] 
	ID_B 16.0 [len 10]: [0.050000000000000003, 0.080000000000000002, 0.20999999999999999, 0.050000000000000003, 0.070000000000000007, 0.080000000000000002, 0.10000000000000001, 0.12, 0.13, 0.14999999999999999]


Models 16.0/11.0 
	ID_A 16.0 [len 10]: [0.050000000000000003, 0.050000000000000003, 0.050000000000000003, 0.070000000000000007, 0.059999999999999998, 0.080000000000000002, 0.10000000000000001, 0.12, 0.13, 0.14999999999999999] 
	ID_B 11.0 [len 10]: [0.040000000000000001, 0.040000000000000001, 0.040000000000000001, 0.040000000000000001, 0.050000000000000003, 0.080000000000000002, 0.10000000000000001, 0.12, 0.13, 0.14999999999999999]
