

Models 0/1 
	ID_A 0 [len 10]: [0.25, 1.4099999999999999, 0.17000000000000001, 0.14000000000000001, 2.7599999999999998, 0.080000000000000002, 0.10000000000000001, 0.12, 0.13, 0.14999999999999999] 
	ID_B 1 [len 10]: [0.14000000000000001, 0.32000000000000001, 1.03, 0.39000000000000001, 0.48999999999999999, 0.080000000000000002, 0.10000000000000001, 0.12, 0.13, 0.14999999999999999]


Models 0/2 
	ID_A 0 [len 10]: [0.39000000000000001, 0.14999999999999999, 0.35999999999999999, 0.94999999999999996, 0.76000000000000001, 0.080000000000000002, 0.10000000000000001, 0.12, 0.13, 0.14999999999999999] 
	ID_B 2 [len 10]: [0.14000000000000001, 0.32000000000000001, 1.03, 0.39000000000000001, 0.48999999999999999, 0.080000000000000002, 0.10000000000000001, 0.12, 0.13, 0.14999999999999999]


Models 1/2 
	ID_A 1 [len 10]: [0.39000000000000001, 0.14999999999999999, 0.35999999999999999, 0.94999999999999996, 0.76000000000000001, 0.080000000000000002, 0.10000000000000001, 0.12, 0.13, 0.14999999999999999] 
	ID_B 2 [len 10]: [0.25, 1.4099999999999999, 0.17000000000000001, 0.14000000000000001, 2.7599999999999998, 0.080000000000000002, 0.10000000000000001, 0.12, 0.13, 0.14999999999999999]


Models 3.0/4.0 
	ID_A 3.0 [len 10]: [0.10000000000000001, 0.23000000000000001, 0.13, 0.12, 0.23000000000000001, 0.080000000000000002, 0.10000000000000001, 0.12, 0.13, 0.14999999999999999] 
	ID_B 4.0 [len 10]: [0.080000000000000002, 0.28999999999999998, 0.17000000000000001, 0.54000000000000004, 0.28000000000000003, 0.080000000000000002, 0.10000000000000001, 0.12, 0.13, 0.14999999999999999]


Models 7.0/8.0 
	ID_A 7.0 [len 10]: [0.10000000000000001, 0.17999999999999999, 0.27000000000000002, 0.070000000000000007, 0.050000000000000003, 0.080000000000000002, 0.10000000000000001, 0.12, 0.13, 0.14999999999999999] 
	ID_B 8.0 [len 10]: [0.10000000000000001, 0.14999999999999999, 0.089999999999999997, 0.11, 0.13, 0.080000000000000002, 0.10000000000000001, 0.12, 0.13, 0.14999999999999999]


Models 6.0/7.0 
	ID_A 6.0 [len 10]: [0.10000000000000001, 0.14999999999999999, 0.089999999999999997, 0.11, 0.13, 0.080000000000000002, 0.10000000000000001, 0.12, 0.13, 0.14999999999999999] 
	ID_B 7.0 [len 10]: [0.050000000000000003, 0.17000000000000001, 0.12, 0.10000000000000001, 0.33000000000000002, 0.080000000000000002, 0.10000000000000001, 0.12, 0.13, 0.14999999999999999]


Models 6.0/8.0 
	ID_A 6.0 [len 10]: [0.10000000000000001, 0.17999999999999999, 0.27000000000000002, 0.070000000000000007, 0.050000000000000003, 0.080000000000000002, 0.10000000000000001, 0.12, 0.13, 0.14999999999999999] 
	ID_B 8.0 [len 10]: [0.050000000000000003, 0.17000000000000001, 0.12, 0.10000000000000001, 0.33000000000000002, 0.080000000000000002, 0.10000000000000001, 0.12, 0.13, 0.14999999999999999]


Models 9.0/10.0 
	ID_A 9.0 [len 10]: [0.059999999999999998, 0.13, 0.080000000000000002, 0.089999999999999997, 0.11, 0.080000000000000002, 0.10000000000000001, 0.12, 0.13, 0.14999999999999999] 
	ID_B 10.0 [len 10]: [0.10000000000000001, 0.20999999999999999, 0.070000000000000007, 0.059999999999999998, 0.080000000000000002, 0.080000000000000002, 0.10000000000000001, 0.12, 0.13, 0.14999999999999999]


Models 13.0/14.0 
	ID_A 13.0 [len 10]: [0.12, 0.070000000000000007, 0.10000000000000001, 0.059999999999999998, 0.040000000000000001, 0.080000000000000002, 0.10000000000000001, 0.12, 0.13, 0.14999999999999999] 
	ID_B 14.0 [len 10]: [0.059999999999999998, 0.050000000000000003, 0.070000000000000007, 0.040000000000000001, 0.11, 0.080000000000000002, 0.10000000000000001, 0.12, 0.13, 0.14999999999999999]


Models 12.0/14.0 
	ID_A 12.0 [len 10]: [0.12, 0.070000000000000007, 0.10000000000000001, 0.059999999999999998, 0.040000000000000001, 0.080000000000000002, 0.10000000000000001, 0.12, 0.13, 0.14999999999999999] 
	ID_B 14.0 [len 10]: [0.050000000000000003, 0.080000000000000002, 0.050000000000000003, 0.089999999999999997, 0.19, 0.080000000000000002, 0.10000000000000001, 0.12, 0.13, 0.14999999999999999]


Models 12.0/13.0 
	ID_A 12.0 [len 10]: [0.059999999999999998, 0.050000000000000003, 0.070000000000000007, 0.040000000000000001, 0.11, 0.080000000000000002, 0.10000000000000001, 0.12, 0.13, 0.14999999999999999] 
	ID_B 13.0 [len 10]: [0.050000000000000003, 0.080000000000000002, 0.050000000000000003, 0.089999999999999997, 0.19, 0.080000000000000002, 0.10000000000000001, 0.12, 0.13, 0.14999999999999999]


Models 15.0/16.0 
	ID_A 15.0 [len 10]: [0.029999999999999999, 0.029999999999999999, 0.040000000000000001, 0.040000000000000001, 0.059999999999999998, 0.080000000000000002, 0.10000000000000001, 0.12, 0.13, 0.14999999999999999] 
	ID_B 16.0 [len 10]: [0.050000000000000003, 0.029999999999999999, 0.040000000000000001, 0.050000000000000003, 0.040000000000000001, 0.080000000000000002, 0.10000000000000001, 0.12, 0.13, 0.14999999999999999]


Models 11/13 
	ID_A 11 [len 10]: [0.059999999999999998, 0.050000000000000003, 0.070000000000000007, 0.040000000000000001, 0.11, 0.080000000000000002, 0.10000000000000001, 0.12, 0.13, 0.14999999999999999] 
	ID_B 13 [len 10]: [0.050000000000000003, 0.050000000000000003, 0.050000000000000003, 0.10000000000000001, 0.040000000000000001, 0.080000000000000002, 0.10000000000000001, 0.12, 0.13, 0.14999999999999999]


Models 2/4 
	ID_A 2 [len 10]: [0.10000000000000001, 0.23000000000000001, 0.13, 0.12, 0.23000000000000001, 0.080000000000000002, 0.10000000000000001, 0.12, 0.13, 0.14999999999999999] 
	ID_B 4 [len 10]: [0.39000000000000001, 0.14999999999999999, 0.35999999999999999, 0.94999999999999996, 0.76000000000000001, 0.080000000000000002, 0.10000000000000001, 0.12, 0.13, 0.14999999999999999]


Models 5/7 
	ID_A 5 [len 10]: [0.10000000000000001, 0.14999999999999999, 0.089999999999999997, 0.11, 0.13, 0.080000000000000002, 0.10000000000000001, 0.12, 0.13, 0.14999999999999999] 
	ID_B 7 [len 10]: [0.20999999999999999, 0.080000000000000002, 0.070000000000000007, 0.059999999999999998, 0.070000000000000007, 0.080000000000000002, 0.10000000000000001, 0.12, 0.13, 0.14999999999999999]


Models 10/11 
	ID_A 10 [len 10]: [0.050000000000000003, 0.050000000000000003, 0.050000000000000003, 0.10000000000000001, 0.040000000000000001, 0.080000000000000002, 0.10000000000000001, 0.12, 0.13, 0.14999999999999999] 
	ID_B 11 [len 10]: [0.059999999999999998, 0.13, 0.080000000000000002, 0.089999999999999997, 0.11, 0.080000000000000002, 0.10000000000000001, 0.12, 0.13, 0.14999999999999999]


Models 7/10 
	ID_A 7 [len 10]: [0.059999999999999998, 0.13, 0.080000000000000002, 0.089999999999999997, 0.11, 0.080000000000000002, 0.10000000000000001, 0.12, 0.13, 0.14999999999999999] 
	ID_B 10 [len 10]: [0.10000000000000001, 0.14999999999999999, 0.089999999999999997, 0.11, 0.13, 0.080000000000000002, 0.10000000000000001, 0.12, 0.13, 0.14999999999999999]


Models 4/5 
	ID_A 4 [len 10]: [0.20999999999999999, 0.080000000000000002, 0.070000000000000007, 0.059999999999999998, 0.070000000000000007, 0.080000000000000002, 0.10000000000000001, 0.12, 0.13, 0.14999999999999999] 
	ID_B 5 [len 10]: [0.10000000000000001, 0.23000000000000001, 0.13, 0.12, 0.23000000000000001, 0.080000000000000002, 0.10000000000000001, 0.12, 0.13, 0.14999999999999999]


Models 13/16 
	ID_A 13 [len 10]: [0.029999999999999999, 0.029999999999999999, 0.040000000000000001, 0.040000000000000001, 0.059999999999999998, 0.080000000000000002, 0.10000000000000001, 0.12, 0.13, 0.14999999999999999] 
	ID_B 16 [len 10]: [0.059999999999999998, 0.050000000000000003, 0.070000000000000007, 0.040000000000000001, 0.11, 0.080000000000000002, 0.10000000000000001, 0.12, 0.13, 0.14999999999999999]


Models 16/17 
	ID_A 16 [len 10]: [0.040000000000000001, 0.12, 0.029999999999999999, 0.050000000000000003, 0.040000000000000001, 0.080000000000000002, 0.10000000000000001, 0.12, 0.13, 0.14999999999999999] 
	ID_B 17 [len 10]: [0.029999999999999999, 0.029999999999999999, 0.040000000000000001, 0.040000000000000001, 0.059999999999999998, 0.080000000000000002, 0.10000000000000001, 0.12, 0.13, 0.14999999999999999]


Models 7.0/16.0 
	ID_A 7.0 [len 10]: [0.029999999999999999, 0.029999999999999999, 0.040000000000000001, 0.040000000000000001, 0.059999999999999998, 0.080000000000000002, 0.10000000000000001, 0.12, 0.13, 0.14999999999999999] 
	ID_B 16.0 [len 10]: [0.10000000000000001, 0.14999999999999999, 0.089999999999999997, 0.11, 0.13, 0.080000000000000002, 0.10000000000000001, 0.12, 0.13, 0.14999999999999999]


Models 7.0/13.0 
	ID_A 7.0 [len 10]: [0.059999999999999998, 0.050000000000000003, 0.070000000000000007, 0.040000000000000001, 0.11, 0.080000000000000002, 0.10000000000000001, 0.12, 0.13, 0.14999999999999999] 
	ID_B 13.0 [len 10]: [0.10000000000000001, 0.14999999999999999, 0.089999999999999997, 0.11, 0.13, 0.080000000000000002, 0.10000000000000001, 0.12, 0.13, 0.14999999999999999]


Models 7.0/17.0 
	ID_A 7.0 [len 10]: [0.040000000000000001, 0.12, 0.029999999999999999, 0.050000000000000003, 0.040000000000000001, 0.080000000000000002, 0.10000000000000001, 0.12, 0.13, 0.14999999999999999] 
	ID_B 17.0 [len 10]: [0.10000000000000001, 0.14999999999999999, 0.089999999999999997, 0.11, 0.13, 0.080000000000000002, 0.10000000000000001, 0.12, 0.13, 0.14999999999999999]


Models 7.0/11.0 
	ID_A 7.0 [len 10]: [0.050000000000000003, 0.050000000000000003, 0.050000000000000003, 0.10000000000000001, 0.040000000000000001, 0.080000000000000002, 0.10000000000000001, 0.12, 0.13, 0.14999999999999999] 
	ID_B 11.0 [len 10]: [0.10000000000000001, 0.14999999999999999, 0.089999999999999997, 0.11, 0.13, 0.080000000000000002, 0.10000000000000001, 0.12, 0.13, 0.14999999999999999]


Models 7.0/4.0 
	ID_A 7.0 [len 10]: [0.10000000000000001, 0.23000000000000001, 0.13, 0.12, 0.23000000000000001, 0.080000000000000002, 0.10000000000000001, 0.12, 0.13, 0.14999999999999999] 
	ID_B 4.0 [len 10]: [0.10000000000000001, 0.14999999999999999, 0.089999999999999997, 0.11, 0.13, 0.080000000000000002, 0.10000000000000001, 0.12, 0.13, 0.14999999999999999]


Models 7.0/2.0 
	ID_A 7.0 [len 10]: [0.39000000000000001, 0.14999999999999999, 0.35999999999999999, 0.94999999999999996, 0.76000000000000001, 0.080000000000000002, 0.10000000000000001, 0.12, 0.13, 0.14999999999999999] 
	ID_B 2.0 [len 10]: [0.10000000000000001, 0.14999999999999999, 0.089999999999999997, 0.11, 0.13, 0.080000000000000002, 0.10000000000000001, 0.12, 0.13, 0.14999999999999999]


Models 11.0/5.0 
	ID_A 11.0 [len 10]: [0.20999999999999999, 0.080000000000000002, 0.070000000000000007, 0.059999999999999998, 0.070000000000000007, 0.080000000000000002, 0.10000000000000001, 0.12, 0.13, 0.14999999999999999] 
	ID_B 5.0 [len 10]: [0.050000000000000003, 0.050000000000000003, 0.050000000000000003, 0.10000000000000001, 0.040000000000000001, 0.080000000000000002, 0.10000000000000001, 0.12, 0.13, 0.14999999999999999]


Models 11.0/17.0 
	ID_A 11.0 [len 10]: [0.040000000000000001, 0.12, 0.029999999999999999, 0.050000000000000003, 0.040000000000000001, 0.080000000000000002, 0.10000000000000001, 0.12, 0.13, 0.14999999999999999] 
	ID_B 17.0 [len 10]: [0.050000000000000003, 0.050000000000000003, 0.050000000000000003, 0.10000000000000001, 0.040000000000000001, 0.080000000000000002, 0.10000000000000001, 0.12, 0.13, 0.14999999999999999]


Models 11.0/16.0 
	ID_A 11.0 [len 10]: [0.029999999999999999, 0.029999999999999999, 0.040000000000000001, 0.040000000000000001, 0.059999999999999998, 0.080000000000000002, 0.10000000000000001, 0.12, 0.13, 0.14999999999999999] 
	ID_B 16.0 [len 10]: [0.050000000000000003, 0.050000000000000003, 0.050000000000000003, 0.10000000000000001, 0.040000000000000001, 0.080000000000000002, 0.10000000000000001, 0.12, 0.13, 0.14999999999999999]


Models 11.0/2.0 
	ID_A 11.0 [len 10]: [0.39000000000000001, 0.14999999999999999, 0.35999999999999999, 0.94999999999999996, 0.76000000000000001, 0.080000000000000002, 0.10000000000000001, 0.12, 0.13, 0.14999999999999999] 
	ID_B 2.0 [len 10]: [0.050000000000000003, 0.050000000000000003, 0.050000000000000003, 0.10000000000000001, 0.040000000000000001, 0.080000000000000002, 0.10000000000000001, 0.12, 0.13, 0.14999999999999999]


Models 5.0/13.0 
	ID_A 5.0 [len 10]: [0.059999999999999998, 0.050000000000000003, 0.070000000000000007, 0.040000000000000001, 0.11, 0.080000000000000002, 0.10000000000000001, 0.12, 0.13, 0.14999999999999999] 
	ID_B 13.0 [len 10]: [0.20999999999999999, 0.080000000000000002, 0.070000000000000007, 0.059999999999999998, 0.070000000000000007, 0.080000000000000002, 0.10000000000000001, 0.12, 0.13, 0.14999999999999999]


Models 11.0/4.0 
	ID_A 11.0 [len 10]: [0.10000000000000001, 0.23000000000000001, 0.13, 0.12, 0.23000000000000001, 0.080000000000000002, 0.10000000000000001, 0.12, 0.13, 0.14999999999999999] 
	ID_B 4.0 [len 10]: [0.050000000000000003, 0.050000000000000003, 0.050000000000000003, 0.10000000000000001, 0.040000000000000001, 0.080000000000000002, 0.10000000000000001, 0.12, 0.13, 0.14999999999999999]


Models 5.0/2.0 
	ID_A 5.0 [len 10]: [0.39000000000000001, 0.14999999999999999, 0.35999999999999999, 0.94999999999999996, 0.76000000000000001, 0.080000000000000002, 0.10000000000000001, 0.12, 0.13, 0.14999999999999999] 
	ID_B 2.0 [len 10]: [0.20999999999999999, 0.080000000000000002, 0.070000000000000007, 0.059999999999999998, 0.070000000000000007, 0.080000000000000002, 0.10000000000000001, 0.12, 0.13, 0.14999999999999999]


Models 5.0/17.0 
	ID_A 5.0 [len 10]: [0.040000000000000001, 0.12, 0.029999999999999999, 0.050000000000000003, 0.040000000000000001, 0.080000000000000002, 0.10000000000000001, 0.12, 0.13, 0.14999999999999999] 
	ID_B 17.0 [len 10]: [0.20999999999999999, 0.080000000000000002, 0.070000000000000007, 0.059999999999999998, 0.070000000000000007, 0.080000000000000002, 0.10000000000000001, 0.12, 0.13, 0.14999999999999999]


Models 5.0/16.0 
	ID_A 5.0 [len 10]: [0.029999999999999999, 0.029999999999999999, 0.040000000000000001, 0.040000000000000001, 0.059999999999999998, 0.080000000000000002, 0.10000000000000001, 0.12, 0.13, 0.14999999999999999] 
	ID_B 16.0 [len 10]: [0.20999999999999999, 0.080000000000000002, 0.070000000000000007, 0.059999999999999998, 0.070000000000000007, 0.080000000000000002, 0.10000000000000001, 0.12, 0.13, 0.14999999999999999]


Models 13.0/2.0 
	ID_A 13.0 [len 10]: [0.39000000000000001, 0.14999999999999999, 0.35999999999999999, 0.94999999999999996, 0.76000000000000001, 0.080000000000000002, 0.10000000000000001, 0.12, 0.13, 0.14999999999999999] 
	ID_B 2.0 [len 10]: [0.059999999999999998, 0.050000000000000003, 0.070000000000000007, 0.040000000000000001, 0.11, 0.080000000000000002, 0.10000000000000001, 0.12, 0.13, 0.14999999999999999]


Models 5.0/10.0 
	ID_A 5.0 [len 10]: [0.059999999999999998, 0.13, 0.080000000000000002, 0.089999999999999997, 0.11, 0.080000000000000002, 0.10000000000000001, 0.12, 0.13, 0.14999999999999999] 
	ID_B 10.0 [len 10]: [0.20999999999999999, 0.080000000000000002, 0.070000000000000007, 0.059999999999999998, 0.070000000000000007, 0.080000000000000002, 0.10000000000000001, 0.12, 0.13, 0.14999999999999999]


Models 13.0/17.0 
	ID_A 13.0 [len 10]: [0.040000000000000001, 0.12, 0.029999999999999999, 0.050000000000000003, 0.040000000000000001, 0.080000000000000002, 0.10000000000000001, 0.12, 0.13, 0.14999999999999999] 
	ID_B 17.0 [len 10]: [0.059999999999999998, 0.050000000000000003, 0.070000000000000007, 0.040000000000000001, 0.11, 0.080000000000000002, 0.10000000000000001, 0.12, 0.13, 0.14999999999999999]


Models 13.0/4.0 
	ID_A 13.0 [len 10]: [0.10000000000000001, 0.23000000000000001, 0.13, 0.12, 0.23000000000000001, 0.080000000000000002, 0.10000000000000001, 0.12, 0.13, 0.14999999999999999] 
	ID_B 4.0 [len 10]: [0.059999999999999998, 0.050000000000000003, 0.070000000000000007, 0.040000000000000001, 0.11, 0.080000000000000002, 0.10000000000000001, 0.12, 0.13, 0.14999999999999999]


Models 13.0/10.0 
	ID_A 13.0 [len 10]: [0.059999999999999998, 0.13, 0.080000000000000002, 0.089999999999999997, 0.11, 0.080000000000000002, 0.10000000000000001, 0.12, 0.13, 0.14999999999999999] 
	ID_B 10.0 [len 10]: [0.059999999999999998, 0.050000000000000003, 0.070000000000000007, 0.040000000000000001, 0.11, 0.080000000000000002, 0.10000000000000001, 0.12, 0.13, 0.14999999999999999]


Models 2.0/17.0 
	ID_A 2.0 [len 10]: [0.040000000000000001, 0.12, 0.029999999999999999, 0.050000000000000003, 0.040000000000000001, 0.080000000000000002, 0.10000000000000001, 0.12, 0.13, 0.14999999999999999] 
	ID_B 17.0 [len 10]: [0.39000000000000001, 0.14999999999999999, 0.35999999999999999, 0.94999999999999996, 0.76000000000000001, 0.080000000000000002, 0.10000000000000001, 0.12, 0.13, 0.14999999999999999]


Models 2.0/16.0 
	ID_A 2.0 [len 10]: [0.029999999999999999, 0.029999999999999999, 0.040000000000000001, 0.040000000000000001, 0.059999999999999998, 0.080000000000000002, 0.10000000000000001, 0.12, 0.13, 0.14999999999999999] 
	ID_B 16.0 [len 10]: [0.39000000000000001, 0.14999999999999999, 0.35999999999999999, 0.94999999999999996, 0.76000000000000001, 0.080000000000000002, 0.10000000000000001, 0.12, 0.13, 0.14999999999999999]


Models 16.0/10.0 
	ID_A 16.0 [len 10]: [0.059999999999999998, 0.13, 0.080000000000000002, 0.089999999999999997, 0.11, 0.080000000000000002, 0.10000000000000001, 0.12, 0.13, 0.14999999999999999] 
	ID_B 10.0 [len 10]: [0.029999999999999999, 0.029999999999999999, 0.040000000000000001, 0.040000000000000001, 0.059999999999999998, 0.080000000000000002, 0.10000000000000001, 0.12, 0.13, 0.14999999999999999]


Models 2.0/10.0 
	ID_A 2.0 [len 10]: [0.059999999999999998, 0.13, 0.080000000000000002, 0.089999999999999997, 0.11, 0.080000000000000002, 0.10000000000000001, 0.12, 0.13, 0.14999999999999999] 
	ID_B 10.0 [len 10]: [0.39000000000000001, 0.14999999999999999, 0.35999999999999999, 0.94999999999999996, 0.76000000000000001, 0.080000000000000002, 0.10000000000000001, 0.12, 0.13, 0.14999999999999999]


Models 17.0/4.0 
	ID_A 17.0 [len 10]: [0.10000000000000001, 0.23000000000000001, 0.13, 0.12, 0.23000000000000001, 0.080000000000000002, 0.10000000000000001, 0.12, 0.13, 0.14999999999999999] 
	ID_B 4.0 [len 10]: [0.040000000000000001, 0.12, 0.029999999999999999, 0.050000000000000003, 0.040000000000000001, 0.080000000000000002, 0.10000000000000001, 0.12, 0.13, 0.14999999999999999]


Models 17.0/10.0 
	ID_A 17.0 [len 10]: [0.059999999999999998, 0.13, 0.080000000000000002, 0.089999999999999997, 0.11, 0.080000000000000002, 0.10000000000000001, 0.12, 0.13, 0.14999999999999999] 
	ID_B 10.0 [len 10]: [0.040000000000000001, 0.12, 0.029999999999999999, 0.050000000000000003, 0.040000000000000001, 0.080000000000000002, 0.10000000000000001, 0.12, 0.13, 0.14999999999999999]


Models 16.0/4.0 
	ID_A 16.0 [len 10]: [0.10000000000000001, 0.23000000000000001, 0.13, 0.12, 0.23000000000000001, 0.080000000000000002, 0.10000000000000001, 0.12, 0.13, 0.14999999999999999] 
	ID_B 4.0 [len 10]: [0.029999999999999999, 0.029999999999999999, 0.040000000000000001, 0.040000000000000001, 0.059999999999999998, 0.080000000000000002, 0.10000000000000001, 0.12, 0.13, 0.14999999999999999]


Models 10.0/4.0 
	ID_A 10.0 [len 10]: [0.10000000000000001, 0.23000000000000001, 0.13, 0.12, 0.23000000000000001, 0.080000000000000002, 0.10000000000000001, 0.12, 0.13, 0.14999999999999999] 
	ID_B 4.0 [len 10]: [0.059999999999999998, 0.13, 0.080000000000000002, 0.089999999999999997, 0.11, 0.080000000000000002, 0.10000000000000001, 0.12, 0.13, 0.14999999999999999]
