

Models 0/1 
	ID_A 0 [len 10]: [0.35999999999999999, 0.76000000000000001, 0.23999999999999999, 0.84999999999999998, 0.29999999999999999, 0.080000000000000002, 0.10000000000000001, 0.12, 0.13, 0.14999999999999999] 
	ID_B 1 [len 10]: [0.29999999999999999, 0.14999999999999999, 0.25, 0.31, 2.2799999999999998, 0.080000000000000002, 0.10000000000000001, 0.12, 0.13, 0.14999999999999999]


Models 1/2 
	ID_A 1 [len 10]: [0.52000000000000002, 0.68999999999999995, 0.63, 0.52000000000000002, 57.049999999999997, 0.080000000000000002, 0.10000000000000001, 0.12, 0.13, 0.14999999999999999] 
	ID_B 2 [len 10]: [0.35999999999999999, 0.76000000000000001, 0.23999999999999999, 0.84999999999999998, 0.29999999999999999, 0.080000000000000002, 0.10000000000000001, 0.12, 0.13, 0.14999999999999999]


Models 0/2 
	ID_A 0 [len 10]: [0.52000000000000002, 0.68999999999999995, 0.63, 0.52000000000000002, 57.049999999999997, 0.080000000000000002, 0.10000000000000001, 0.12, 0.13, 0.14999999999999999] 
	ID_B 2 [len 10]: [0.29999999999999999, 0.14999999999999999, 0.25, 0.31, 2.2799999999999998, 0.080000000000000002, 0.10000000000000001, 0.12, 0.13, 0.14999999999999999]


Models 3.0/4.0 
	ID_A 3.0 [len 10]: [0.17000000000000001, 0.45000000000000001, 0.26000000000000001, 0.13, 1.1000000000000001, 0.080000000000000002, 0.10000000000000001, 0.12, 0.13, 0.14999999999999999] 
	ID_B 4.0 [len 10]: [0.25, 0.57999999999999996, 0.11, 0.13, 0.17000000000000001, 0.080000000000000002, 0.10000000000000001, 0.12, 0.13, 0.14999999999999999]


Models 6.0/7.0 
	ID_A 6.0 [len 10]: [0.059999999999999998, 0.10000000000000001, 0.059999999999999998, 0.070000000000000007, 0.070000000000000007, 0.080000000000000002, 0.10000000000000001, 0.12, 0.13, 0.14999999999999999] 
	ID_B 7.0 [len 10]: [0.19, 0.070000000000000007, 0.14999999999999999, 0.10000000000000001, 0.070000000000000007, 0.080000000000000002, 0.10000000000000001, 0.12, 0.13, 0.14999999999999999]


Models 7.0/8.0 
	ID_A 7.0 [len 10]: [0.059999999999999998, 0.13, 0.080000000000000002, 0.17999999999999999, 0.52000000000000002, 0.080000000000000002, 0.10000000000000001, 0.12, 0.13, 0.14999999999999999] 
	ID_B 8.0 [len 10]: [0.059999999999999998, 0.10000000000000001, 0.059999999999999998, 0.070000000000000007, 0.070000000000000007, 0.080000000000000002, 0.10000000000000001, 0.12, 0.13, 0.14999999999999999]


Models 6.0/8.0 
	ID_A 6.0 [len 10]: [0.059999999999999998, 0.13, 0.080000000000000002, 0.17999999999999999, 0.52000000000000002, 0.080000000000000002, 0.10000000000000001, 0.12, 0.13, 0.14999999999999999] 
	ID_B 8.0 [len 10]: [0.19, 0.070000000000000007, 0.14999999999999999, 0.10000000000000001, 0.070000000000000007, 0.080000000000000002, 0.10000000000000001, 0.12, 0.13, 0.14999999999999999]


Models 9.0/10.0 
	ID_A 9.0 [len 10]: [0.050000000000000003, 0.050000000000000003, 0.14999999999999999, 0.28000000000000003, 0.050000000000000003, 0.080000000000000002, 0.10000000000000001, 0.12, 0.13, 0.14999999999999999] 
	ID_B 10.0 [len 10]: [0.070000000000000007, 0.050000000000000003, 0.20000000000000001, 0.080000000000000002, 0.070000000000000007, 0.080000000000000002, 0.10000000000000001, 0.12, 0.13, 0.14999999999999999]


Models 12.0/13.0 
	ID_A 12.0 [len 10]: [0.050000000000000003, 0.050000000000000003, 0.040000000000000001, 0.070000000000000007, 0.080000000000000002, 0.080000000000000002, 0.10000000000000001, 0.12, 0.13, 0.14999999999999999] 
	ID_B 13.0 [len 10]: [0.040000000000000001, 0.050000000000000003, 0.050000000000000003, 0.050000000000000003, 0.070000000000000007, 0.080000000000000002, 0.10000000000000001, 0.12, 0.13, 0.14999999999999999]


Models 13.0/14.0 
	ID_A 13.0 [len 10]: [0.059999999999999998, 0.070000000000000007, 0.059999999999999998, 0.070000000000000007, 0.080000000000000002, 0.080000000000000002, 0.10000000000000001, 0.12, 0.13, 0.14999999999999999] 
	ID_B 14.0 [len 10]: [0.050000000000000003, 0.050000000000000003, 0.040000000000000001, 0.070000000000000007, 0.080000000000000002, 0.080000000000000002, 0.10000000000000001, 0.12, 0.13, 0.14999999999999999]


Models 12.0/14.0 
	ID_A 12.0 [len 10]: [0.059999999999999998, 0.070000000000000007, 0.059999999999999998, 0.070000000000000007, 0.080000000000000002, 0.080000000000000002, 0.10000000000000001, 0.12, 0.13, 0.14999999999999999] 
	ID_B 14.0 [len 10]: [0.040000000000000001, 0.050000000000000003, 0.050000000000000003, 0.050000000000000003, 0.070000000000000007, 0.080000000000000002, 0.10000000000000001, 0.12, 0.13, 0.14999999999999999]


Models 15.0/16.0 
	ID_A 15.0 [len 10]: [0.059999999999999998, 0.029999999999999999, 0.040000000000000001, 0.040000000000000001, 0.040000000000000001, 0.080000000000000002, 0.10000000000000001, 0.12, 0.13, 0.14999999999999999] 
	ID_B 16.0 [len 10]: [0.070000000000000007, 0.040000000000000001, 0.040000000000000001, 0.080000000000000002, 0.050000000000000003, 0.080000000000000002, 0.10000000000000001, 0.12, 0.13, 0.14999999999999999]


Models 11/13 
	ID_A 11 [len 10]: [0.050000000000000003, 0.050000000000000003, 0.040000000000000001, 0.070000000000000007, 0.080000000000000002, 0.080000000000000002, 0.10000000000000001, 0.12, 0.13, 0.14999999999999999] 
	ID_B 13 [len 10]: [0.070000000000000007, 0.040000000000000001, 0.059999999999999998, 0.059999999999999998, 0.089999999999999997, 0.080000000000000002, 0.10000000000000001, 0.12, 0.13, 0.14999999999999999]


Models 3/5 
	ID_A 3 [len 10]: [0.14000000000000001, 0.13, 0.23999999999999999, 0.13, 0.11, 0.080000000000000002, 0.10000000000000001, 0.12, 0.13, 0.14999999999999999] 
	ID_B 5 [len 10]: [0.25, 0.57999999999999996, 0.11, 0.13, 0.17000000000000001, 0.080000000000000002, 0.10000000000000001, 0.12, 0.13, 0.14999999999999999]


Models 6/10 
	ID_A 6 [len 10]: [0.050000000000000003, 0.050000000000000003, 0.14999999999999999, 0.28000000000000003, 0.050000000000000003, 0.080000000000000002, 0.10000000000000001, 0.12, 0.13, 0.14999999999999999] 
	ID_B 10 [len 10]: [0.19, 0.070000000000000007, 0.14999999999999999, 0.10000000000000001, 0.070000000000000007, 0.080000000000000002, 0.10000000000000001, 0.12, 0.13, 0.14999999999999999]


Models 5/6 
	ID_A 5 [len 10]: [0.19, 0.070000000000000007, 0.14999999999999999, 0.10000000000000001, 0.070000000000000007, 0.080000000000000002, 0.10000000000000001, 0.12, 0.13, 0.14999999999999999] 
	ID_B 6 [len 10]: [0.14000000000000001, 0.13, 0.23999999999999999, 0.13, 0.11, 0.080000000000000002, 0.10000000000000001, 0.12, 0.13, 0.14999999999999999]


Models 0/3 
	ID_A 0 [len 10]: [0.25, 0.57999999999999996, 0.11, 0.13, 0.17000000000000001, 0.080000000000000002, 0.10000000000000001, 0.12, 0.13, 0.14999999999999999] 
	ID_B 3 [len 10]: [0.29999999999999999, 0.14999999999999999, 0.25, 0.31, 2.2799999999999998, 0.080000000000000002, 0.10000000000000001, 0.12, 0.13, 0.14999999999999999]


Models 10/11 
	ID_A 10 [len 10]: [0.070000000000000007, 0.040000000000000001, 0.059999999999999998, 0.059999999999999998, 0.089999999999999997, 0.080000000000000002, 0.10000000000000001, 0.12, 0.13, 0.14999999999999999] 
	ID_B 11 [len 10]: [0.050000000000000003, 0.050000000000000003, 0.14999999999999999, 0.28000000000000003, 0.050000000000000003, 0.080000000000000002, 0.10000000000000001, 0.12, 0.13, 0.14999999999999999]


Models 15/17 
	ID_A 15 [len 10]: [0.029999999999999999, 0.040000000000000001, 0.050000000000000003, 0.029999999999999999, 0.029999999999999999, 0.080000000000000002, 0.10000000000000001, 0.12, 0.13, 0.14999999999999999] 
	ID_B 17 [len 10]: [0.070000000000000007, 0.040000000000000001, 0.040000000000000001, 0.080000000000000002, 0.050000000000000003, 0.080000000000000002, 0.10000000000000001, 0.12, 0.13, 0.14999999999999999]


Models 13/15 
	ID_A 13 [len 10]: [0.070000000000000007, 0.040000000000000001, 0.040000000000000001, 0.080000000000000002, 0.050000000000000003, 0.080000000000000002, 0.10000000000000001, 0.12, 0.13, 0.14999999999999999] 
	ID_B 15 [len 10]: [0.050000000000000003, 0.050000000000000003, 0.040000000000000001, 0.070000000000000007, 0.080000000000000002, 0.080000000000000002, 0.10000000000000001, 0.12, 0.13, 0.14999999999999999]


Models 6.0/11.0 
	ID_A 6.0 [len 10]: [0.070000000000000007, 0.040000000000000001, 0.059999999999999998, 0.059999999999999998, 0.089999999999999997, 0.080000000000000002, 0.10000000000000001, 0.12, 0.13, 0.14999999999999999] 
	ID_B 11.0 [len 10]: [0.19, 0.070000000000000007, 0.14999999999999999, 0.10000000000000001, 0.070000000000000007, 0.080000000000000002, 0.10000000000000001, 0.12, 0.13, 0.14999999999999999]


Models 6.0/13.0 
	ID_A 6.0 [len 10]: [0.050000000000000003, 0.050000000000000003, 0.040000000000000001, 0.070000000000000007, 0.080000000000000002, 0.080000000000000002, 0.10000000000000001, 0.12, 0.13, 0.14999999999999999] 
	ID_B 13.0 [len 10]: [0.19, 0.070000000000000007, 0.14999999999999999, 0.10000000000000001, 0.070000000000000007, 0.080000000000000002, 0.10000000000000001, 0.12, 0.13, 0.14999999999999999]


Models 6.0/15.0 
	ID_A 6.0 [len 10]: [0.070000000000000007, 0.040000000000000001, 0.040000000000000001, 0.080000000000000002, 0.050000000000000003, 0.080000000000000002, 0.10000000000000001, 0.12, 0.13, 0.14999999999999999] 
	ID_B 15.0 [len 10]: [0.19, 0.070000000000000007, 0.14999999999999999, 0.10000000000000001, 0.070000000000000007, 0.080000000000000002, 0.10000000000000001, 0.12, 0.13, 0.14999999999999999]


Models 6.0/17.0 
	ID_A 6.0 [len 10]: [0.029999999999999999, 0.040000000000000001, 0.050000000000000003, 0.029999999999999999, 0.029999999999999999, 0.080000000000000002, 0.10000000000000001, 0.12, 0.13, 0.14999999999999999] 
	ID_B 17.0 [len 10]: [0.19, 0.070000000000000007, 0.14999999999999999, 0.10000000000000001, 0.070000000000000007, 0.080000000000000002, 0.10000000000000001, 0.12, 0.13, 0.14999999999999999]


Models 6.0/0.0 
	ID_A 6.0 [len 10]: [0.29999999999999999, 0.14999999999999999, 0.25, 0.31, 2.2799999999999998, 0.080000000000000002, 0.10000000000000001, 0.12, 0.13, 0.14999999999999999] 
	ID_B 0.0 [len 10]: [0.19, 0.070000000000000007, 0.14999999999999999, 0.10000000000000001, 0.070000000000000007, 0.080000000000000002, 0.10000000000000001, 0.12, 0.13, 0.14999999999999999]


Models 6.0/3.0 
	ID_A 6.0 [len 10]: [0.25, 0.57999999999999996, 0.11, 0.13, 0.17000000000000001, 0.080000000000000002, 0.10000000000000001, 0.12, 0.13, 0.14999999999999999] 
	ID_B 3.0 [len 10]: [0.19, 0.070000000000000007, 0.14999999999999999, 0.10000000000000001, 0.070000000000000007, 0.080000000000000002, 0.10000000000000001, 0.12, 0.13, 0.14999999999999999]


Models 15.0/3.0 
	ID_A 15.0 [len 10]: [0.25, 0.57999999999999996, 0.11, 0.13, 0.17000000000000001, 0.080000000000000002, 0.10000000000000001, 0.12, 0.13, 0.14999999999999999] 
	ID_B 3.0 [len 10]: [0.070000000000000007, 0.040000000000000001, 0.040000000000000001, 0.080000000000000002, 0.050000000000000003, 0.080000000000000002, 0.10000000000000001, 0.12, 0.13, 0.14999999999999999]


Models 15.0/5.0 
	ID_A 15.0 [len 10]: [0.14000000000000001, 0.13, 0.23999999999999999, 0.13, 0.11, 0.080000000000000002, 0.10000000000000001, 0.12, 0.13, 0.14999999999999999] 
	ID_B 5.0 [len 10]: [0.070000000000000007, 0.040000000000000001, 0.040000000000000001, 0.080000000000000002, 0.050000000000000003, 0.080000000000000002, 0.10000000000000001, 0.12, 0.13, 0.14999999999999999]


Models 15.0/10.0 
	ID_A 15.0 [len 10]: [0.050000000000000003, 0.050000000000000003, 0.14999999999999999, 0.28000000000000003, 0.050000000000000003, 0.080000000000000002, 0.10000000000000001, 0.12, 0.13, 0.14999999999999999] 
	ID_B 10.0 [len 10]: [0.070000000000000007, 0.040000000000000001, 0.040000000000000001, 0.080000000000000002, 0.050000000000000003, 0.080000000000000002, 0.10000000000000001, 0.12, 0.13, 0.14999999999999999]


Models 15.0/0.0 
	ID_A 15.0 [len 10]: [0.29999999999999999, 0.14999999999999999, 0.25, 0.31, 2.2799999999999998, 0.080000000000000002, 0.10000000000000001, 0.12, 0.13, 0.14999999999999999] 
	ID_B 0.0 [len 10]: [0.070000000000000007, 0.040000000000000001, 0.040000000000000001, 0.080000000000000002, 0.050000000000000003, 0.080000000000000002, 0.10000000000000001, 0.12, 0.13, 0.14999999999999999]


Models 15.0/11.0 
	ID_A 15.0 [len 10]: [0.070000000000000007, 0.040000000000000001, 0.059999999999999998, 0.059999999999999998, 0.089999999999999997, 0.080000000000000002, 0.10000000000000001, 0.12, 0.13, 0.14999999999999999] 
	ID_B 11.0 [len 10]: [0.070000000000000007, 0.040000000000000001, 0.040000000000000001, 0.080000000000000002, 0.050000000000000003, 0.080000000000000002, 0.10000000000000001, 0.12, 0.13, 0.14999999999999999]


Models 17.0/3.0 
	ID_A 17.0 [len 10]: [0.25, 0.57999999999999996, 0.11, 0.13, 0.17000000000000001, 0.080000000000000002, 0.10000000000000001, 0.12, 0.13, 0.14999999999999999] 
	ID_B 3.0 [len 10]: [0.029999999999999999, 0.040000000000000001, 0.050000000000000003, 0.029999999999999999, 0.029999999999999999, 0.080000000000000002, 0.10000000000000001, 0.12, 0.13, 0.14999999999999999]


Models 17.0/13.0 
	ID_A 17.0 [len 10]: [0.050000000000000003, 0.050000000000000003, 0.040000000000000001, 0.070000000000000007, 0.080000000000000002, 0.080000000000000002, 0.10000000000000001, 0.12, 0.13, 0.14999999999999999] 
	ID_B 13.0 [len 10]: [0.029999999999999999, 0.040000000000000001, 0.050000000000000003, 0.029999999999999999, 0.029999999999999999, 0.080000000000000002, 0.10000000000000001, 0.12, 0.13, 0.14999999999999999]


Models 17.0/5.0 
	ID_A 17.0 [len 10]: [0.14000000000000001, 0.13, 0.23999999999999999, 0.13, 0.11, 0.080000000000000002, 0.10000000000000001, 0.12, 0.13, 0.14999999999999999] 
	ID_B 5.0 [len 10]: [0.029999999999999999, 0.040000000000000001, 0.050000000000000003, 0.029999999999999999, 0.029999999999999999, 0.080000000000000002, 0.10000000000000001, 0.12, 0.13, 0.14999999999999999]


Models 17.0/11.0 
	ID_A 17.0 [len 10]: [0.070000000000000007, 0.040000000000000001, 0.059999999999999998, 0.059999999999999998, 0.089999999999999997, 0.080000000000000002, 0.10000000000000001, 0.12, 0.13, 0.14999999999999999] 
	ID_B 11.0 [len 10]: [0.029999999999999999, 0.040000000000000001, 0.050000000000000003, 0.029999999999999999, 0.029999999999999999, 0.080000000000000002, 0.10000000000000001, 0.12, 0.13, 0.14999999999999999]


Models 17.0/0.0 
	ID_A 17.0 [len 10]: [0.29999999999999999, 0.14999999999999999, 0.25, 0.31, 2.2799999999999998, 0.080000000000000002, 0.10000000000000001, 0.12, 0.13, 0.14999999999999999] 
	ID_B 0.0 [len 10]: [0.029999999999999999, 0.040000000000000001, 0.050000000000000003, 0.029999999999999999, 0.029999999999999999, 0.080000000000000002, 0.10000000000000001, 0.12, 0.13, 0.14999999999999999]


Models 17.0/10.0 
	ID_A 17.0 [len 10]: [0.050000000000000003, 0.050000000000000003, 0.14999999999999999, 0.28000000000000003, 0.050000000000000003, 0.080000000000000002, 0.10000000000000001, 0.12, 0.13, 0.14999999999999999] 
	ID_B 10.0 [len 10]: [0.029999999999999999, 0.040000000000000001, 0.050000000000000003, 0.029999999999999999, 0.029999999999999999, 0.080000000000000002, 0.10000000000000001, 0.12, 0.13, 0.14999999999999999]


Models 3.0/13.0 
	ID_A 3.0 [len 10]: [0.050000000000000003, 0.050000000000000003, 0.040000000000000001, 0.070000000000000007, 0.080000000000000002, 0.080000000000000002, 0.10000000000000001, 0.12, 0.13, 0.14999999999999999] 
	ID_B 13.0 [len 10]: [0.25, 0.57999999999999996, 0.11, 0.13, 0.17000000000000001, 0.080000000000000002, 0.10000000000000001, 0.12, 0.13, 0.14999999999999999]


Models 3.0/10.0 
	ID_A 3.0 [len 10]: [0.050000000000000003, 0.050000000000000003, 0.14999999999999999, 0.28000000000000003, 0.050000000000000003, 0.080000000000000002, 0.10000000000000001, 0.12, 0.13, 0.14999999999999999] 
	ID_B 10.0 [len 10]: [0.25, 0.57999999999999996, 0.11, 0.13, 0.17000000000000001, 0.080000000000000002, 0.10000000000000001, 0.12, 0.13, 0.14999999999999999]


Models 13.0/5.0 
	ID_A 13.0 [len 10]: [0.14000000000000001, 0.13, 0.23999999999999999, 0.13, 0.11, 0.080000000000000002, 0.10000000000000001, 0.12, 0.13, 0.14999999999999999] 
	ID_B 5.0 [len 10]: [0.050000000000000003, 0.050000000000000003, 0.040000000000000001, 0.070000000000000007, 0.080000000000000002, 0.080000000000000002, 0.10000000000000001, 0.12, 0.13, 0.14999999999999999]


Models 13.0/0.0 
	ID_A 13.0 [len 10]: [0.29999999999999999, 0.14999999999999999, 0.25, 0.31, 2.2799999999999998, 0.080000000000000002, 0.10000000000000001, 0.12, 0.13, 0.14999999999999999] 
	ID_B 0.0 [len 10]: [0.050000000000000003, 0.050000000000000003, 0.040000000000000001, 0.070000000000000007, 0.080000000000000002, 0.080000000000000002, 0.10000000000000001, 0.12, 0.13, 0.14999999999999999]


Models 13.0/10.0 
	ID_A 13.0 [len 10]: [0.050000000000000003, 0.050000000000000003, 0.14999999999999999, 0.28000000000000003, 0.050000000000000003, 0.080000000000000002, 0.10000000000000001, 0.12, 0.13, 0.14999999999999999] 
	ID_B 10.0 [len 10]: [0.050000000000000003, 0.050000000000000003, 0.040000000000000001, 0.070000000000000007, 0.080000000000000002, 0.080000000000000002, 0.10000000000000001, 0.12, 0.13, 0.14999999999999999]


Models 3.0/11.0 
	ID_A 3.0 [len 10]: [0.070000000000000007, 0.040000000000000001, 0.059999999999999998, 0.059999999999999998, 0.089999999999999997, 0.080000000000000002, 0.10000000000000001, 0.12, 0.13, 0.14999999999999999] 
	ID_B 11.0 [len 10]: [0.25, 0.57999999999999996, 0.11, 0.13, 0.17000000000000001, 0.080000000000000002, 0.10000000000000001, 0.12, 0.13, 0.14999999999999999]


Models 0.0/5.0 
	ID_A 0.0 [len 10]: [0.14000000000000001, 0.13, 0.23999999999999999, 0.13, 0.11, 0.080000000000000002, 0.10000000000000001, 0.12, 0.13, 0.14999999999999999] 
	ID_B 5.0 [len 10]: [0.29999999999999999, 0.14999999999999999, 0.25, 0.31, 2.2799999999999998, 0.080000000000000002, 0.10000000000000001, 0.12, 0.13, 0.14999999999999999]


Models 0.0/10.0 
	ID_A 0.0 [len 10]: [0.050000000000000003, 0.050000000000000003, 0.14999999999999999, 0.28000000000000003, 0.050000000000000003, 0.080000000000000002, 0.10000000000000001, 0.12, 0.13, 0.14999999999999999] 
	ID_B 10.0 [len 10]: [0.29999999999999999, 0.14999999999999999, 0.25, 0.31, 2.2799999999999998, 0.080000000000000002, 0.10000000000000001, 0.12, 0.13, 0.14999999999999999]


Models 0.0/11.0 
	ID_A 0.0 [len 10]: [0.070000000000000007, 0.040000000000000001, 0.059999999999999998, 0.059999999999999998, 0.089999999999999997, 0.080000000000000002, 0.10000000000000001, 0.12, 0.13, 0.14999999999999999] 
	ID_B 11.0 [len 10]: [0.29999999999999999, 0.14999999999999999, 0.25, 0.31, 2.2799999999999998, 0.080000000000000002, 0.10000000000000001, 0.12, 0.13, 0.14999999999999999]


Models 5.0/10.0 
	ID_A 5.0 [len 10]: [0.050000000000000003, 0.050000000000000003, 0.14999999999999999, 0.28000000000000003, 0.050000000000000003, 0.080000000000000002, 0.10000000000000001, 0.12, 0.13, 0.14999999999999999] 
	ID_B 10.0 [len 10]: [0.14000000000000001, 0.13, 0.23999999999999999, 0.13, 0.11, 0.080000000000000002, 0.10000000000000001, 0.12, 0.13, 0.14999999999999999]


Models 5.0/11.0 
	ID_A 5.0 [len 10]: [0.070000000000000007, 0.040000000000000001, 0.059999999999999998, 0.059999999999999998, 0.089999999999999997, 0.080000000000000002, 0.10000000000000001, 0.12, 0.13, 0.14999999999999999] 
	ID_B 11.0 [len 10]: [0.14000000000000001, 0.13, 0.23999999999999999, 0.13, 0.11, 0.080000000000000002, 0.10000000000000001, 0.12, 0.13, 0.14999999999999999]
