
7804527
7804529
7804528
7804530
7804531
7804532
7804534
7804533
7804535
7804536
7804537
7804538
7804539
7804540
7804541
7804542
7804543
7804544
7804546
7804547
7804545
7804548
7804549
7804550
7804551
7804552
7804553
7804554
7804555
7804556
7804557
7804558
7804559
7804560
7804561
7804562
7804564
7804565
7804566
7804567
7804569
7804568
7804570
7804571
7804572
7804573
7804574
7804575
7804576
7804577
7804578
7804580
7804579
7804581
7804582
7804584
7804583
7804585
7804586
7804587
7804589
7804588
7804590
7804591
7804592
7804593
7804594
7804595
7804596
7804597
7804598
7804599
7804600
7804601
7804602
7804603
7804604
7804605
7804606
7804608
7804607
7804609
7804610
7804611
7804612
7804613
7804614
7804615
7804616
7804617
7804619
7804618
7804620
7804623
7804621
7804622
7804625
7804624
7804626
7834384
7834385
7834383
7834382
7834386
7834387
7834388
7834389
7834390
7834391
7834392
7834393
7834395
7834394
7834396
7834397
7834399
7834401
7834398
7834400
7834402
7834403
7834404
7834405
7834406
7834407
