
7804540
7804541
7804537
7804533
7804530
7804545
7804556
7804529
7804557
7804550
7804558
7804551
7804542
7804559
7804535
7804549
7804563
7804562
7804561
7804554
7804568
7804570
7804565
7804586
7804546
7804539
7804576
7804569
7804580
7804571
7804552
7804600
7804585
7804577
7804583
7804596
7804584
7804594
7804603
7804567
7804581
7804579
7804598
7804572
7804593
7804621
7804544
7804601
7804605
7804602
7804607
7804560
7804538
7804578
7804599
7804553
7804528
7804592
7804536
7804604
7804588
7804534
7804606
7804589
7804591
7804609
7804531
7804547
7804623
7804548
7804612
7804573
7804622
7804616
7804566
7804613
7804611
7804597
7804575
7804574
7804543
7804610
7804617
7804619
7804615
7804587
7804527
7804532
7804625
7804590
7804564
7804614
7804624
7804608
7804618
7804595
