
7742728
7742725
7742772
7742744
7742720
7742771
7742774
7742775
7742741
7742704
7742786
7742795
7742788
7742793
7742714
7742782
7742719
7742726
7742754
7742729
7742732
7742711
7742773
7742742
7742707
7742736
7742787
7742733
7742752
7742710
7742737
7742721
7742760
7742699
7742761
7742783
7742723
7742718
7742717
7742792
7742781
7742753
7742716
7742747
7742770
7742700
7742712
7742794
7742780
7742746
7742766
7742767
7742784
7742765
7742759
7742722
7742743
7742762
7742768
7742785
7742701
7742776
7742745
7742763
7742705
7742706
7742709
7742769
7742777
7742764
7742724
7742698
7742696
7742740
7742739
7742734
7742735
7742703
7742790
7742751
7742697
7742755
7742731
7742791
7742750
7742789
7742749
7742730
7742748
