
7742697
7742698
7742696
7742699
7742700
7742701
7742702
7742703
7742704
7742705
7742706
7742707
7742709
7742710
7742708
7742711
7742712
7742713
7742714
7742715
7742716
7742719
7742718
7742717
7742720
7742721
7742722
7742723
7742724
7742725
7742726
7742728
7742727
7742729
7742730
7742731
7742733
7742732
7742734
7742736
7742737
7742735
7742739
7742740
7742738
7742742
7742741
7742743
7742744
7742745
7742746
7742747
7742749
7742748
7742750
7742751
7742752
7742754
7742753
7742755
7742756
7742757
7742758
7742759
7742760
7742761
7742763
7742762
7742764
7742765
7742766
7742767
7742769
7742768
7742770
7742771
7742772
7742773
7742775
7742774
7742776
7742777
7742778
7742779
7742780
7742781
7742782
7742784
7742785
7742783
7742786
7742787
7742788
7742790
7742789
7742791
7742792
7742793
7742794
7742795
