
8692087
8692086
8692088
8692084
8692085
8692092
8692133
8692137
8692103
8692138
8692082
8692098
8692104
8692097
8692079
8692130
8692128
8692129
8692080
8692093
8692131
8692101
8692100
8692083
8692139
8692094
8692095
8692102
8692096
8692089
8692132
8692134
8692136
8692140
8692106
8692090
8692141
8692091
8692135
8692107
8692114
8692110
8692142
8692099
8692081
8692118
8692146
8692147
8692113
8692116
8692145
8692117
8692144
8692115
8692122
8692143
8692150
8692108
8692123
8692149
8692120
8692119
8692125
8692124
8692127
8692152
8692126
8692151
8692148
8692155
8692154
8692156
8692121
8692159
8692166
8692163
8692160
8692164
8692158
8692165
8692174
8692171
8692172
8692170
8692161
8692179
8692157
8692187
8692169
8692186
8692173
8692180
8692188
8692176
8692184
8692182
8692153
8692178
8692175
8692162
8692167
8692185
8692177
8692193
8692190
8692181
8692168
8692183
8692192
8692189
8692191
