
8562897
8562898
8562899
8562900
8562901
8562902
8562903
8562904
8562905
8562791
8562792
8562793
8562794
8562795
8562796
8562797
8562799
8562798
8562800
8562801
8562802
8562803
8562804
8562806
8562805
8562807
8562808
8562809
8562810
8562811
8562812
8562813
8562814
8562815
8562816
8562817
8562818
8562819
8562820
8562821
8562823
8562822
8562824
8562825
8562826
8562827
8562828
8562829
8562830
8562831
8562832
8562833
8562834
8562835
8562836
8562837
8562839
8562840
8562838
8562842
8562841
8562843
8562844
8562845
8562846
8562847
8562848
8562849
8562850
8562852
8562853
8562851
8562854
8562855
8562856
8562857
8562858
8562859
8562860
8562861
8562862
8562863
8562864
8562866
8562865
8562867
8562868
8562869
8562870
8562871
8562872
8562873
8562874
8562875
8562876
8562877
8562878
8562879
8562880
8562881
8562882
8562883
8562884
8562885
8562886
8562887
8562888
8562889
8562890
8562891
8562892
8562894
8562893
8562895
8562896
