True params: [[ 0.82  0.34  0.6 ]]
[ 0.85447941  0.32741187  0.57736137]
[ 0.85499156  0.3269149   0.57761354]
[ 0.85499003  0.32691604  0.5776139 ]
[ 0.85499003  0.32691605  0.5776139 ]
[ 0.85499005  0.32691608  0.57761382]
[ 0.85499008  0.32691608  0.57761385]
[ 0.85499006  0.3269161   0.57761392]
[ 0.85499002  0.32691604  0.57761385]
[ 0.85499004  0.32691604  0.57761377]
[ 0.85499     0.32691599  0.57761376]
[ 0.85499005  0.326916    0.57761372]
[ 0.85499002  0.32691597  0.57761375]
[ 0.85499005  0.32691597  0.57761373]
[ 0.85499007  0.32691591  0.57761374]
[ 0.85499001  0.32691591  0.57761371]
[ 0.85499006  0.32691592  0.57761376]
[ 0.85499013  0.32691591  0.57761387]
[ 0.85499022  0.32691594  0.57761391]
[ 0.85499012  0.32691596  0.57761403]
[ 0.85499005  0.32691595  0.57761401]
[ 0.85498996  0.32691599  0.577614  ]
[ 0.85499     0.326916    0.57761398]
[ 0.85499006  0.326916    0.57761405]
[ 0.85498989  0.32691601  0.577614  ]
[ 0.85498977  0.32691604  0.57761405]
[ 0.85498982  0.32691608  0.57761405]
[ 0.85498989  0.32691608  0.57761406]
[ 0.85498985  0.32691604  0.577614  ]
[ 0.85498983  0.32691603  0.57761401]
[ 0.85498962  0.32691605  0.57761395]
[ 0.85498975  0.32691604  0.57761399]
[ 0.85498977  0.32691601  0.57761395]
[ 0.85498972  0.32691604  0.57761394]
[ 0.85498964  0.32691603  0.57761387]
[ 0.85498955  0.32691604  0.57761384]
[ 0.85498957  0.32691604  0.57761384]
[ 0.85498952  0.32691605  0.57761383]
[ 0.85498957  0.32691602  0.57761386]
[ 0.85498955  0.32691602  0.57761395]
[ 0.85498952  0.326916    0.57761393]
[ 0.85498941  0.32691592  0.57761392]
[ 0.85498943  0.32691593  0.57761398]
[ 0.85498937  0.32691598  0.57761392]
[ 0.85498935  0.32691597  0.57761393]
[ 0.85498935  0.32691601  0.57761388]
[ 0.85498945  0.32691598  0.57761397]
[ 0.85498954  0.32691597  0.57761392]
[ 0.85498946  0.32691595  0.57761396]
[ 0.85498944  0.32691596  0.57761394]
[ 0.85498941  0.32691597  0.57761392]
[ 0.85498928  0.32691602  0.57761391]
[ 0.85498941  0.32691602  0.57761392]
[ 0.85498959  0.32691596  0.57761397]
[ 0.8549896   0.3269159   0.57761395]
[ 0.85498962  0.32691589  0.57761399]
[ 0.85498955  0.32691596  0.57761405]
[ 0.8549895   0.32691594  0.57761405]
[ 0.85498944  0.32691594  0.57761409]
[ 0.85498949  0.32691597  0.57761403]
[ 0.85498937  0.326916    0.577614  ]
[ 0.85498962  0.326916    0.57761403]
[ 0.85498955  0.32691596  0.57761402]
[ 0.85498958  0.32691598  0.57761403]
[ 0.85498961  0.32691597  0.577614  ]
[ 0.8549896   0.32691592  0.57761391]
[ 0.85498955  0.32691587  0.57761389]
[ 0.85498958  0.32691588  0.57761388]
[ 0.85498956  0.32691592  0.57761395]
[ 0.85498975  0.32691583  0.57761396]
[ 0.85498968  0.32691592  0.57761394]
[ 0.85498956  0.32691593  0.57761394]
[ 0.85498953  0.32691594  0.57761401]
[ 0.85498956  0.32691592  0.57761401]
[ 0.85498933  0.32691591  0.57761398]
[ 0.85498935  0.32691589  0.57761403]
[ 0.85498941  0.3269159   0.57761407]
[ 0.85498945  0.32691589  0.57761403]
[ 0.85498946  0.32691587  0.5776141 ]
[ 0.85498942  0.32691587  0.57761408]
[ 0.85498952  0.32691582  0.5776142 ]
[ 0.85498941  0.32691576  0.57761418]
[ 0.85498936  0.32691574  0.57761412]
[ 0.85498929  0.32691571  0.57761409]
[ 0.85498947  0.32691567  0.57761419]
[ 0.85498941  0.32691562  0.57761417]
[ 0.85498941  0.32691556  0.57761415]
[ 0.85498945  0.3269155   0.57761415]
[ 0.85498942  0.3269154   0.57761404]
[ 0.85498952  0.3269154   0.57761406]
[ 0.8549896   0.32691541  0.5776141 ]
[ 0.85498958  0.32691541  0.57761409]
[ 0.85498958  0.32691533  0.57761407]
[ 0.85498956  0.3269153   0.57761413]
[ 0.85498951  0.32691531  0.57761414]
[ 0.85498951  0.32691523  0.57761413]
[ 0.85498957  0.32691526  0.57761418]
[ 0.85498958  0.32691528  0.57761428]
[ 0.8549896   0.32691524  0.57761426]
[ 0.85498962  0.32691527  0.57761427]
[ 0.85498951  0.32691529  0.57761434]
Time: 10771.786405
True params: [[ 0.82  0.34  0.6 ]]
