[[ 0.73407035  0.33420661  0.59501269]]
[ 0.72569434  0.34485633  0.60094024]
[ 0.72566901  0.34421408  0.60036577]
[ 0.72566921  0.34421459  0.60036575]
[ 0.72566915  0.3442146   0.60036576]
[ 0.72566927  0.34421463  0.60036579]
[ 0.72566931  0.34421463  0.60036593]
[ 0.72566933  0.34421462  0.60036595]
[ 0.7256694   0.34421462  0.60036596]
[ 0.72566922  0.34421464  0.60036595]
[ 0.72566922  0.34421472  0.60036595]
[ 0.72566912  0.34421466  0.60036608]
[ 0.7256692   0.34421465  0.60036611]
[ 0.72566913  0.34421466  0.60036605]
[ 0.72566923  0.34421469  0.60036609]
[ 0.72566933  0.34421474  0.60036632]
[ 0.72566942  0.34421471  0.60036624]
[ 0.7256693   0.3442147   0.60036624]
[ 0.72566944  0.34421475  0.60036624]
[ 0.72566948  0.34421467  0.60036625]
[ 0.72566955  0.34421466  0.60036623]
[ 0.72566955  0.34421464  0.60036626]
[ 0.72566961  0.34421464  0.60036622]
[ 0.72566956  0.34421458  0.60036625]
[ 0.72566954  0.34421455  0.60036617]
[ 0.72566949  0.34421455  0.60036618]
[ 0.72566937  0.34421455  0.6003661 ]
[ 0.72566943  0.34421456  0.60036617]
[ 0.72566944  0.34421459  0.60036624]
[ 0.72566947  0.34421458  0.60036629]
[ 0.72566943  0.34421454  0.60036622]
[ 0.72566938  0.34421453  0.60036621]
[ 0.72566943  0.34421451  0.60036616]
[ 0.72566949  0.34421449  0.60036622]
[ 0.72566971  0.34421451  0.60036621]
[ 0.72566973  0.34421449  0.60036625]
[ 0.7256697   0.34421449  0.60036616]
[ 0.72566953  0.3442145   0.60036613]
[ 0.72566953  0.34421452  0.60036612]
[ 0.72566963  0.34421454  0.60036619]
[ 0.72566959  0.34421449  0.6003662 ]
[ 0.72566959  0.34421447  0.60036619]
[ 0.72566965  0.34421441  0.60036615]
[ 0.72566963  0.34421443  0.60036618]
[ 0.7256696   0.34421435  0.60036614]
[ 0.7256697   0.34421438  0.60036608]
[ 0.72566963  0.34421438  0.60036601]
[ 0.72566951  0.34421435  0.60036605]
[ 0.72566934  0.34421434  0.60036609]
[ 0.72566933  0.3442143   0.60036624]
[ 0.7256694   0.34421432  0.60036624]
[ 0.72566939  0.34421431  0.60036616]
[ 0.72566925  0.34421431  0.60036603]
[ 0.72566921  0.34421427  0.600366  ]
[ 0.72566914  0.34421421  0.60036597]
[ 0.72566918  0.34421425  0.60036596]
[ 0.72566914  0.34421428  0.60036592]
[ 0.72566909  0.34421422  0.60036597]
[ 0.72566912  0.34421424  0.60036596]
[ 0.72566914  0.34421427  0.60036595]
[ 0.7256692   0.34421416  0.6003659 ]
[ 0.72566924  0.34421419  0.60036611]
[ 0.72566918  0.34421418  0.60036618]
[ 0.72566912  0.34421428  0.6003663 ]
[ 0.72566914  0.34421429  0.60036626]
[ 0.72566899  0.34421431  0.60036633]
[ 0.72566897  0.34421429  0.60036635]
[ 0.72566889  0.34421434  0.6003664 ]
[ 0.72566897  0.34421438  0.6003665 ]
[ 0.72566897  0.34421435  0.60036647]
[ 0.72566903  0.3442144   0.60036651]
[ 0.72566898  0.3442144   0.60036642]
[ 0.72566882  0.34421443  0.60036655]
[ 0.72566883  0.34421445  0.60036659]
[ 0.72566878  0.34421451  0.60036655]
[ 0.72566886  0.34421446  0.60036658]
[ 0.72566886  0.34421453  0.60036661]
[ 0.72566881  0.34421457  0.60036657]
[ 0.7256686   0.34421465  0.6003667 ]
[ 0.72566862  0.34421463  0.60036663]
[ 0.72566852  0.34421463  0.60036653]
[ 0.72566857  0.34421464  0.6003666 ]
[ 0.72566848  0.34421463  0.60036663]
[ 0.7256686   0.34421465  0.60036673]
[ 0.72566862  0.34421461  0.60036668]
[ 0.72566861  0.34421458  0.60036667]
[ 0.72566856  0.34421452  0.60036669]
[ 0.72566851  0.34421449  0.60036666]
[ 0.72566856  0.34421454  0.6003668 ]
[ 0.72566855  0.34421455  0.60036671]
[ 0.72566856  0.34421448  0.60036666]
[ 0.7256685   0.34421459  0.60036671]
[ 0.72566863  0.34421458  0.60036679]
[ 0.72566888  0.34421458  0.60036678]
[ 0.7256689   0.34421458  0.60036685]
[ 0.72566886  0.34421459  0.60036698]
[ 0.72566883  0.34421455  0.60036684]
[ 0.72566901  0.34421459  0.60036693]
[ 0.7256691   0.34421466  0.60036698]
[ 0.72566916  0.34421467  0.60036698]
[ 0.72566916  0.34421468  0.60036689]
True params: [[ 0.34]]
[ 0.34000043]
