True params: [[ 0.82  0.34  0.6 ]]
[ 0.61895925  0.2269674   0.46559951]
Time:0.7464219999999999True params: [[ 0.82  0.34  0.6 ]]
[ 0.57642404  0.58890261  0.51262478]
Time: 0.6866080000000001
True params: [[ 0.82  0.34  0.6 ]]
[ 0.60942228  0.40210046  0.54831453]
[ 0.53240314  0.36615956  0.62928792]
Time: 1.6779829999999993
True params: [[ 0.82  0.34  0.6 ]]
True params: [[ 0.82  0.34  0.6 ]]
True params: [[ 0.82  0.34  0.6 ]]
True params: [[ 0.82  0.34  0.6 ]]
True params: [[ 0.82  0.34  0.6 ]]
True params: [[ 0.82  0.34  0.6 ]]
True params: [[ 0.82  0.34  0.6 ]]
True params: [[ 0.82  0.34  0.6 ]]
True params: [[ 0.82  0.34  0.6 ]]
True params: [[ 0.82  0.34  0.6 ]]
True params: [[ 0.82  0.34  0.6 ]]
True params: [[ 0.82  0.34  0.6 ]]
True params: [[ 0.82  0.34  0.6 ]]
True params: [[ 0.82  0.34  0.6 ]]
True params: [[ 0.82  0.34  0.6 ]]
True params: [[ 0.82  0.34  0.6 ]]
True params: [[ 0.82  0.34  0.6 ]]
True params: [[ 0.82  0.34  0.6 ]]
True params: [[ 0.82  0.34  0.6 ]]
[ 0.4912264   0.51129137  0.56035813]
[ 0.56881999  0.61489487  0.53694502]
Time: 9.32406
[ 0.53261283  0.58386914  0.54743794]
[ 0.4633699   0.48645627  0.57304168]
Time: 10.418008000000004
[ 0.50824913  0.56478945  0.55493281]
[ 0.50490975  0.55952842  0.55626803]
Time: 6.571894
[ 0.50519533  0.55929222  0.55618225]
[ 0.49894063  0.54937705  0.55866131]
Time: 17.166459000000003
[ 0.49766247  0.54740002  0.5591633 ]
[ 0.49382988  0.54121406  0.56068505]
Time: 22.712135000000004
True params: [[ 0.82  0.34  0.6 ]]
True params: [[ 0.82  0.34  0.6 ]]
[ 0.54641189  0.42927441  0.53857326]
[ 0.54129275  0.42223521  0.61536595]
Time: 16.768293
True params: [[ 0.82  0.34  0.6 ]]
[ 0.39234844  0.47384772  0.45676997]
[ 0.24265223  0.35457658  0.46195689]
Time: 17.697348999999996
[ 0.30966576  0.7389152   0.59485844]
[ 0.33463273  0.77429045  0.59098955]
Time: 17.442750000000004
[ 0.35706416  0.81029044  0.59069009]
[ 0.44460591  0.8229308   0.53188639]
Time: 18.576932
