[[ 0.52140064  0.74269475  0.83541943]]
[ 0.57203641  0.80263235  0.85380917]
[ 0.58307475  0.7698492   0.81389557]
[ 0.58307556  0.76984848  0.81389612]
[ 0.58307556  0.76984829  0.81389616]
[ 0.58307567  0.76984817  0.81389611]
[ 0.58307565  0.76984815  0.81389619]
[ 0.58307566  0.76984814  0.81389619]
[ 0.58307562  0.76984817  0.81389625]
[ 0.58307553  0.76984803  0.81389631]
[ 0.58307558  0.76984813  0.81389644]
[ 0.58307553  0.7698481   0.8138963 ]
[ 0.58307555  0.76984821  0.81389627]
[ 0.58307551  0.76984823  0.81389606]
[ 0.58307553  0.76984833  0.81389617]
[ 0.58307553  0.76984835  0.81389617]
[ 0.58307542  0.76984835  0.81389619]
[ 0.58307544  0.76984837  0.81389615]
[ 0.58307537  0.76984846  0.81389602]
[ 0.5830754   0.76984856  0.81389596]
[ 0.5830754   0.76984856  0.81389599]
[ 0.58307536  0.76984849  0.81389587]
[ 0.58307526  0.76984856  0.81389583]
[ 0.58307524  0.76984867  0.81389601]
[ 0.5830752   0.76984866  0.81389602]
[ 0.58307521  0.76984883  0.81389592]
[ 0.58307516  0.76984899  0.81389587]
[ 0.58307514  0.76984902  0.81389576]
[ 0.58307512  0.76984908  0.81389574]
[ 0.58307511  0.7698491   0.81389584]
[ 0.58307514  0.76984911  0.81389581]
[ 0.5830751   0.76984903  0.8138959 ]
[ 0.58307517  0.76984903  0.81389594]
[ 0.58307514  0.76984897  0.81389586]
[ 0.58307519  0.76984886  0.81389591]
[ 0.58307514  0.76984875  0.81389595]
[ 0.58307523  0.76984874  0.8138959 ]
[ 0.58307518  0.76984867  0.81389583]
[ 0.5830751   0.76984869  0.8138958 ]
[ 0.58307514  0.76984889  0.81389605]
[ 0.58307512  0.76984886  0.81389601]
[ 0.58307509  0.76984881  0.81389614]
[ 0.58307506  0.76984881  0.81389617]
[ 0.58307507  0.7698487   0.81389611]
[ 0.58307515  0.76984872  0.81389604]
[ 0.58307513  0.76984865  0.81389613]
[ 0.58307522  0.7698485   0.8138961 ]
[ 0.5830753   0.76984866  0.81389613]
[ 0.5830752   0.76984875  0.81389607]
[ 0.58307517  0.76984867  0.8138961 ]
[ 0.58307513  0.76984847  0.81389587]
[ 0.58307515  0.76984853  0.81389593]
[ 0.58307513  0.76984861  0.81389602]
[ 0.58307505  0.76984878  0.81389597]
[ 0.58307507  0.76984873  0.81389599]
[ 0.58307508  0.7698487   0.81389588]
[ 0.58307506  0.76984871  0.81389588]
[ 0.58307501  0.76984872  0.81389587]
[ 0.58307505  0.76984879  0.81389584]
[ 0.58307511  0.76984883  0.81389587]
[ 0.5830751   0.7698489   0.81389589]
[ 0.58307512  0.76984904  0.81389582]
[ 0.58307526  0.76984899  0.81389592]
[ 0.58307531  0.76984894  0.81389593]
[ 0.58307539  0.7698491   0.81389588]
[ 0.58307543  0.76984905  0.81389592]
[ 0.58307531  0.76984907  0.81389583]
[ 0.58307537  0.76984903  0.81389588]
[ 0.5830755   0.76984896  0.8138959 ]
[ 0.5830755   0.76984895  0.81389594]
[ 0.58307546  0.76984891  0.81389601]
[ 0.58307541  0.76984905  0.81389588]
[ 0.58307536  0.76984901  0.81389579]
[ 0.58307537  0.76984907  0.81389588]
[ 0.58307544  0.76984909  0.81389589]
[ 0.58307532  0.76984905  0.81389575]
[ 0.58307525  0.76984908  0.8138958 ]
[ 0.58307519  0.76984911  0.81389579]
[ 0.58307521  0.76984926  0.81389581]
[ 0.58307524  0.76984929  0.8138958 ]
[ 0.58307522  0.7698492   0.81389574]
[ 0.58307516  0.76984925  0.81389574]
[ 0.58307523  0.76984913  0.81389585]
[ 0.58307546  0.76984911  0.81389603]
[ 0.58307534  0.76984906  0.81389594]
[ 0.58307529  0.7698491   0.81389585]
[ 0.58307525  0.76984924  0.81389594]
[ 0.58307534  0.76984927  0.81389613]
[ 0.58307529  0.76984916  0.8138961 ]
[ 0.58307535  0.76984912  0.8138962 ]
[ 0.58307534  0.76984896  0.81389628]
[ 0.58307533  0.76984887  0.81389621]
[ 0.58307529  0.76984893  0.81389621]
[ 0.58307519  0.76984879  0.81389616]
[ 0.58307525  0.76984885  0.81389624]
[ 0.58307523  0.76984889  0.81389619]
[ 0.5830752   0.76984885  0.81389623]
[ 0.58307528  0.769849    0.81389634]
[ 0.58307528  0.76984917  0.81389647]
[ 0.58307522  0.76984913  0.81389637]
[ 0.58307514  0.76984917  0.81389635]
True params: [[ 0.65  0.44  0.28]]
[ 0.53895594  0.54790837  0.4902753 ]
[ 0.53825783  0.54755585  0.48970519]
[ 0.53825072  0.54755381  0.48970096]
