True params: [[ 0.82  0.34  0.6 ]]
[ 0.71494854  0.27531123  0.44936362]
[ 0.71520157  0.27521927  0.44935952]
[ 0.71520153  0.27521932  0.44935949]
[ 0.71520154  0.27521929  0.44935949]
[ 0.71520163  0.27521931  0.44935959]
[ 0.71520168  0.27521935  0.44935955]
[ 0.71520193  0.27521933  0.44935963]
[ 0.71520184  0.27521936  0.44935961]
[ 0.71520158  0.27521939  0.44935941]
[ 0.71520151  0.2752194   0.44935942]
[ 0.71520138  0.27521939  0.44935938]
[ 0.71520133  0.27521937  0.44935931]
[ 0.71520135  0.27521936  0.44935937]
[ 0.71520134  0.27521947  0.4493595 ]
[ 0.71520128  0.27521947  0.44935957]
[ 0.71520141  0.27521944  0.44935954]
[ 0.71520132  0.27521944  0.44935952]
[ 0.71520121  0.27521943  0.44935957]
[ 0.71520125  0.27521947  0.44935955]
[ 0.71520136  0.27521952  0.44935957]
[ 0.71520129  0.27521953  0.44935946]
[ 0.71520129  0.27521959  0.44935959]
[ 0.7152013   0.27521964  0.44935962]
[ 0.71520123  0.27521962  0.44935966]
[ 0.71520132  0.27521967  0.44935972]
[ 0.71520136  0.27521968  0.44935974]
[ 0.71520134  0.27521974  0.44935985]
[ 0.71520132  0.27521974  0.44935984]
[ 0.71520138  0.27521969  0.44935982]
[ 0.71520131  0.27521975  0.44935971]
[ 0.71520125  0.27521976  0.44935973]
[ 0.7152012   0.27521973  0.44935969]
[ 0.71520123  0.27521971  0.44935965]
[ 0.71520131  0.2752197   0.44935967]
[ 0.7152012   0.27521963  0.44935957]
[ 0.71520108  0.27521961  0.44935955]
[ 0.71520094  0.27521964  0.44935949]
[ 0.71520096  0.27521964  0.44935944]
[ 0.71520076  0.27521964  0.4493594 ]
[ 0.71520063  0.27521959  0.44935945]
[ 0.7152006   0.27521959  0.44935948]
[ 0.7152006   0.27521959  0.4493595 ]
[ 0.71520064  0.27521961  0.4493595 ]
[ 0.71520064  0.27521963  0.44935953]
[ 0.71520068  0.27521965  0.44935957]
[ 0.71520066  0.27521968  0.44935962]
[ 0.71520072  0.27521961  0.44935958]
[ 0.71520072  0.27521962  0.44935958]
[ 0.71520079  0.27521956  0.44935959]
[ 0.71520066  0.27521956  0.44935948]
[ 0.71520066  0.27521958  0.44935955]
[ 0.71520063  0.27521959  0.44935963]
[ 0.71520056  0.27521957  0.44935961]
[ 0.71520054  0.27521963  0.44935963]
[ 0.71520058  0.27521964  0.4493597 ]
[ 0.7152006   0.27521962  0.4493597 ]
[ 0.71520052  0.27521964  0.44935976]
[ 0.71520042  0.27521967  0.4493598 ]
[ 0.71520045  0.27521972  0.44935984]
[ 0.71520057  0.27521974  0.44935984]
[ 0.71520051  0.27521976  0.4493599 ]
[ 0.71520044  0.27521968  0.44935986]
[ 0.71520042  0.27521966  0.44935972]
[ 0.71520032  0.27521966  0.44935971]
[ 0.71520034  0.27521959  0.44935978]
[ 0.71520045  0.27521956  0.44935979]
[ 0.7152004   0.27521957  0.4493598 ]
[ 0.71520053  0.27521955  0.44935986]
[ 0.71520036  0.27521957  0.44935972]
[ 0.71520032  0.2752196   0.4493597 ]
[ 0.7152003   0.27521958  0.44935973]
[ 0.71520044  0.27521965  0.44935987]
[ 0.71520043  0.27521965  0.44935978]
[ 0.71520037  0.27521959  0.44935973]
[ 0.71520039  0.27521961  0.44935971]
[ 0.71520022  0.2752196   0.44935974]
[ 0.71520003  0.27521959  0.44935974]
[ 0.71519977  0.2752196   0.44935966]
[ 0.71519966  0.27521959  0.44935963]
[ 0.71519965  0.27521956  0.44935965]
[ 0.71519963  0.27521956  0.44935969]
[ 0.71519988  0.27521961  0.4493597 ]
[ 0.71519979  0.27521965  0.4493597 ]
[ 0.71519982  0.27521963  0.44935971]
[ 0.71519975  0.27521965  0.44935969]
[ 0.71519977  0.27521967  0.44935972]
[ 0.71519975  0.27521971  0.44935958]
[ 0.71519977  0.2752197   0.44935962]
[ 0.71519976  0.27521967  0.44935958]
[ 0.71519963  0.27521964  0.44935956]
[ 0.71519968  0.27521967  0.44935956]
[ 0.7151996   0.2752197   0.44935957]
[ 0.7151996   0.2752197   0.44935957]
[ 0.71519971  0.27521967  0.44935957]
[ 0.71519976  0.27521963  0.44935955]
[ 0.71519976  0.2752196   0.4493595 ]
[ 0.71519963  0.27521953  0.44935943]
[ 0.71519957  0.27521956  0.44935943]
[ 0.7151996   0.27521957  0.44935939]
[ 0.71519964  0.27521955  0.44935941]
Time: 34378.727205
True params: [[ 0.82  0.34  0.6 ]]
[ 0.45645583  0.51259927  0.32525306]
Time: 314.99420499999997
True params: [[ 0.82  0.34  0.6 ]]
[ 0.61833577  0.39390048  0.53334733]
Time: 391.804218
