
8656491
8656511
8656490
8656508
8656504
8656507
8656499
8656506
8656492
8656513
8656502
8656503
8656500
8656497
8656498
8656520
8656519
8656493
8656517
8656496
8656522
8656521
8656488
8656531
8656524
8656501
8656527
8656540
8656536
8656542
8656514
8656543
8656539
8656551
8656545
8656549
8656512
8656515
8656547
8656556
8656534
8656546
8656487
8656530
8656518
8656529
8656535
8656555
8656495
8656533
8656528
8656532
8656561
8656526
8656505
8656541
8656550
8656537
8656544
8656548
8656523
8656557
8656564
8656554
8656509
8656510
8656563
8656571
8656577
8656538
8656578
8656583
8656587
8656525
8656569
8656594
8656576
8656565
8656579
8656590
8656572
8656573
8656575
8656580
8656574
8656595
8656567
8656588
8656585
8656599
8656592
8656600
8656591
8656601
8656596
8656597
8656598
8656559
8656560
8656581
8656586
8656584
8656566
8656593
8656494
8656582
8656516
8656552
8656553
8656489
8656568
8656558
