
8656488
8656487
8656490
8656489
8656491
8656492
8656493
8656494
8656496
8656495
8656497
8656498
8656499
8656500
8656501
8656502
8656504
8656503
8656506
8656505
8656507
8656508
8656510
8656509
8656512
8656511
8656513
8656514
8656515
8656516
8656517
8656518
8656519
8656520
8656521
8656522
8656523
8656525
8656524
8656526
8656527
8656528
8656529
8656530
8656531
8656532
8656533
8656534
8656535
8656536
8656537
8656539
8656538
8656541
8656540
8656542
8656543
8656544
8656545
8656546
8656547
8656548
8656549
8656550
8656551
8656552
8656553
8656555
8656554
8656556
8656557
8656558
8656559
8656560
8656561
8656562
8656563
8656564
8656565
8656566
8656567
8656568
8656569
8656571
8656570
8656572
8656573
8656574
8656575
8656576
8656577
8656578
8656579
8656580
8656581
8656582
8656584
8656583
8656585
8656586
8656587
8656588
8656589
8656590
8656591
8656592
8656593
8656594
8656595
8656596
8656597
8656598
8656599
8656600
8656601
